*************************************************
******************* ORCA 6.1.0 ******************
*************************************************
$Calculation_Status
   &GeometryIndex 0
   &version [&Type "String"] "6.1.0"
   &progName [&Type "String"] "orca"
   &Status [&Type "String"] "NORMAL TERMINATION"
$End
$Geometry
   &GeometryIndex 1
   &NAtoms [&Type "Integer"] 20
   &NCorelessECP [&Type "Integer"] 0
   &NGhostAtoms [&Type "Integer"] 0
   &CartesianCoordinates [&Type "Coordinates", &Dim(20,4), &Units "Bohr"] 
              C     -0.325603122528    0.130918389948    1.779347504739
              C     -2.856268649412   -0.051485922326    2.379168843905
              C     -4.640306931497   -0.387756183380    0.485355739635
              C     -3.882743935243   -0.543599574118   -2.018401266024
              C     -1.353525247976   -0.372696799338   -2.636488535073
              C      0.452590943439   -0.014255648892   -0.742782540007
              C      3.133810380648    0.192710885105   -1.358897427430
              O      3.725789208477    0.491552583290   -3.810849994016
              H      1.067434182083    0.375074068850    3.248397952791
              H     -3.449263179016    0.063898503460    4.326635244453
              H     -6.616946271019   -0.532341062761    0.964265929607
              H     -5.270498392214   -0.806156091147   -3.488932487447
              H     -0.743258421775   -0.486393917778   -4.577756018508
              H      3.993508552698   -2.160125718888   -0.710681629008
              H      4.270399377477    1.226856449429    0.010554192063
              H      5.474596042005    0.983305230516   -4.064410125299
              O      4.811841426416   -3.959831838617   -0.291300906877
              O      6.468570400930   -6.913016840311    0.950961972914
              H      4.218764949302   -5.087833599519   -1.595131393012
              H      7.036860297790   -6.223866688660    2.527385513412
$End
$Single_Point_Data
   &GeometryIndex 1
   &FinalEnergy [&Type "Double"]      -3.2138123089140002e+01  "Final single point energy"
   &Converged [&Type "Boolean"] true
$End
$Hessian
   &GeometryIndex 1
   &HESSIAN [&Type "ArrayOfDoubles", &Dim (60,60)] "The Hessian"
                                                         0                           1                           2                           3                           4                           5                           6                           7

0                                      6.7478647459999996e-01         5.0659764500000003e-02         7.6458741000000000e-03        -3.2724130280000002e-01        -1.7559566700000001e-02         9.6376058500000000e-02        -5.8195767099999997e-02        -1.1236639099999999e-02
1                                      5.0659764500000003e-02         1.2421496870000000e-01         4.4840960499999999e-02        -2.3021341700000000e-02        -4.8394819499999998e-02         3.7632543999999999e-03        -6.3502432999999999e-03         5.3908809999999999e-04
2                                      7.6458741000000000e-03         4.4840960499999999e-02         6.3339906339999996e-01         1.9356660200000000e-02        -3.3891990999999999e-03        -1.0907963129999999e-01        -5.3893704999999998e-03         3.5368729999999998e-03
3                                     -3.2724130280000002e-01        -2.3021341700000000e-02         1.9356660200000000e-02         6.4812793599999996e-01         4.8281604200000001e-02        -1.9493634499999999e-02        -1.9784045119999999e-01        -2.0391425099999999e-02
4                                     -1.7559566700000001e-02        -4.8394819499999998e-02        -3.3891990999999999e-03         4.8281604200000001e-02         1.2478977260000000e-01         4.6784048299999999e-02        -2.7473249200000001e-02        -5.3280463200000003e-02
5                                      9.6376058500000000e-02         3.7632543999999999e-03        -1.0907963129999999e-01        -1.9493634499999999e-02         4.6784048299999999e-02         6.6713120650000002e-01        -1.5076327800000000e-01        -2.8941322900000000e-02
6                                     -5.8195767099999997e-02        -6.3502432999999999e-03        -5.3893704999999998e-03        -1.9784045119999999e-01        -2.7473249200000001e-02        -1.5076327800000000e-01         6.6653071249999996e-01         5.0443184199999998e-02
7                                     -1.1236639099999999e-02         5.3908809999999999e-04         3.5368729999999998e-03        -2.0391425099999999e-02        -5.3280463200000003e-02        -2.8941322900000000e-02         5.0443184199999998e-02         1.2620887000000000e-01
8                                     -6.4019291800000003e-02        -2.6613234999999999e-03         4.6225428200000002e-02        -7.1252863099999994e-02        -2.1341833099999999e-02        -2.1516225050000001e-01        -1.3231676899999999e-02         4.5888136599999997e-02
9                                     -3.1368466400000003e-02         6.0047000000000003e-05         3.1030968200000002e-02         5.2608696599999998e-02         4.6882369999999996e-03        -5.5546600000000001e-05        -1.1283727680000000e-01        -3.9138161999999997e-03
10                                     6.5034649999999995e-04        -5.2806036999999998e-03         8.8020399999999999e-04        -4.2073440000000000e-04         9.8923470000000010e-04        -5.4300996999999997e-03         3.2000802000000002e-03        -4.9825890999999997e-02
11                                     3.2658307999999997e-02         1.3742286999999999e-03        -2.5475151900000000e-02        -5.5616900900000002e-02        -1.0717894600000000e-02        -5.8423565800000000e-02         1.0206217850000000e-01        -1.3993734700000000e-02
12                                     4.4608910400000000e-02        -1.1468600000000001e-04        -4.5594868500000003e-02        -5.5049462500000000e-02        -6.1314450999999997e-03        -1.7185634700000001e-02        -1.0429788500000000e-02         7.1488588000000004e-03
13                                     3.5601756999999999e-03         1.4020580999999999e-03        -8.3399492000000002e-03        -5.9206679000000000e-03        -5.9294378999999999e-03        -9.8351319999999995e-04         1.7282538000000000e-03         2.3578480000000001e-03
14                                    -3.4744133000000001e-03        -5.7434191000000001e-03        -5.1763281899999999e-02        -1.5316570700000001e-02        -8.8464670000000002e-04        -9.2004580000000003e-04         3.3390975300000000e-02         2.4886685000000000e-03
15                                    -9.4665069099999999e-02         2.0591249000000002e-03         7.3169493200000005e-02        -1.7831574300000000e-02         8.7280780000000002e-04         3.0020940699999998e-02         4.8481527000000003e-03        -1.4730690000000000e-04
16                                    -1.4495218999999999e-03        -5.0953183999999999e-02        -1.4120252900000000e-02         5.3581124000000001e-03         1.8786979000000000e-03         2.0533612000000001e-03        -3.1654120000000000e-04        -7.4527938000000004e-03
17                                     2.3937763599999998e-02        -1.8174147799999998e-02        -2.8591383390000003e-01         8.4883683299999999e-02         7.6625291999999996e-03        -4.6532719999999999e-04        -1.4899639100000001e-02        -5.8426073000000002e-03
18                                    -2.3834940100000000e-02         4.7344789999999998e-04         2.8737040100000000e-02         9.3162576000000007e-03         2.9003070000000001e-04         4.3512478000000002e-03        -4.3444128000000000e-03        -4.5524999999999998e-04
19                                     3.2476874000000001e-03        -7.5881340000000003e-04        -5.7957989999999999e-03        -3.1843383999999998e-03         5.6578742999999999e-03        -1.6755669000000000e-03         1.2039207000000001e-03        -1.9122700000000000e-04
20                                     3.1216600300000001e-02         1.2019254000000001e-03        -1.6227872399999999e-02         3.3460009999999998e-04        -5.0744709999999999e-04        -5.8378007000000004e-03         9.2122639999999995e-04         7.1381800000000002e-05
21                                    -5.6177511000000003e-03        -1.4434913000000000e-03        -7.9235510000000005e-04        -1.1804675000000001e-03         5.1088339999999998e-04         1.0224464999999999e-03         7.5525120000000004e-04         1.1260800000000000e-04
22                                    -1.4697699000000000e-03         1.8634506000000000e-03         3.3572419999999999e-04         3.5344620000000000e-04         1.2146500000000000e-04         2.4897450000000001e-04        -6.5556599999999995e-05        -6.9168899999999994e-05
23                                     7.8117210000000004e-04         7.8548500000000005e-04         2.6994693000000000e-03         1.6238129000000000e-03        -2.4608170000000001e-04         5.0903890000000005e-04        -7.4177119999999997e-04        -1.4010860000000000e-04
24                                    -1.6280051600000001e-01        -2.2041386199999999e-02        -1.2700239129999999e-01        -2.2633063299999999e-02        -3.9171702000000003e-03        -2.1048833199999999e-02        -5.4530335999999997e-03        -1.0871160000000000e-03
25                                    -2.1907125400000001e-02        -3.7476244499999999e-02        -2.2802450500000002e-02        -2.2561851000000000e-03         1.0525603000000000e-03        -1.6978301000000000e-03        -1.1878285000000001e-03         8.2675982999999998e-03
26                                    -1.2820629510000001e-01        -2.3138624500000000e-02        -1.7921492810000000e-01         2.7518578000000002e-03         4.2692119999999999e-04         3.9746794999999998e-03         1.4154670999999999e-03        -4.8723650000000000e-04
27                                    -1.0745419700000000e-02         1.4471529000000000e-03         2.8328220800000001e-02        -6.5252432200000002e-02         3.3981613999999999e-03         7.1996799799999997e-02         5.1517003000000000e-03        -1.2406397000000000e-03
28                                    -7.1171519999999999e-04         7.4398490000000003e-04         1.8091810000000000e-03         3.4043303999999998e-03        -3.5937510999999998e-02        -1.4748489000000000e-02         8.3783600000000001e-04         7.7672470000000003e-04
29                                     4.7039767999999997e-03        -4.6279580000000000e-04        -9.2541294999999996e-03         7.2329332199999999e-02        -1.4762254299999999e-02        -2.8033751379999999e-01         5.0233096000000003e-03        -1.7530077000000000e-03
30                                    -2.2885129999999998e-03        -1.2340735000000000e-03        -3.6656801999999998e-03        -2.2818059599999999e-02        -1.9982783000000001e-03         3.4972534999999998e-03        -2.8787601340000002e-01        -1.8786285300000000e-02
31                                    -1.2181193000000000e-03         7.4807924000000001e-03        -1.3286553000000001e-03        -4.1554920000000002e-03         1.1336000000000000e-03         6.0132630000000000e-04        -1.8737246799999999e-02        -3.6237273299999997e-02
32                                    -3.3716646000000001e-03        -1.1933190000000000e-03        -2.3705012999999998e-03        -2.0095486799999999e-02        -1.6947433000000000e-03         4.2216501000000000e-03         5.9370323699999998e-02         3.5938109000000001e-03
33                                     1.5840380000000000e-04         1.0273230000000000e-04         6.9505490000000005e-04         7.4187000000000005e-04        -5.3794919999999998e-04         1.7504930000000001e-03         4.7218318000000004e-03         7.3654380000000004e-04
34                                     1.4604360000000001e-04        -2.0840339999999999e-04        -4.3081000000000003e-05        -4.6495899999999998e-04         7.6506988000000003e-03        -1.0976554000000000e-03        -1.3701191000000000e-03         7.0200020000000000e-04
35                                     7.6055380000000002e-04         1.1397619999999999e-04         1.8460269999999999e-04         2.2310670000000002e-03        -9.6515230000000004e-04        -5.3087042000000001e-03        -1.9358704000000001e-02        -4.0594510000000004e-03
36                                    -2.3419852000000001e-03        -1.2317029000000000e-03        -3.1000636999999999e-03        -4.0551470000000002e-04        -5.4678800000000002e-05        -3.1371410000000002e-04        -5.3130911999999999e-03        -1.1354645000000000e-03
37                                    -1.2333549000000000e-03         6.6628646000000003e-03        -1.0597918999999999e-03        -8.0076999999999999e-05        -2.9926610000000000e-04         3.6512400000000000e-05        -9.8495050000000002e-04         8.1095890000000004e-03
38                                    -3.6163725999999998e-03        -1.2143649000000000e-03        -2.3455854000000000e-03        -1.7725090000000001e-04         6.9647300000000000e-05         7.1238289999999999e-04         1.7818062000000000e-03        -5.2999890000000004e-04
39                                    -2.2387350000000001e-04         4.8260909999999998e-04        -1.7132687000000000e-03        -8.3084540000000001e-04        -5.0755950000000005e-04        -1.0235160000000000e-04         1.8973429999999999e-04         1.8172570000000001e-04
40                                    -1.4949880000000000e-03        -2.0925380000000001e-04         5.4389069000000002e-03         2.1979692000000002e-03         8.8187680000000003e-04         5.5822670000000001e-04        -9.2739080000000000e-04         3.1125199999999998e-05
41                                     1.5164146000000000e-03         2.4676810000000000e-04        -1.3943231000000001e-03        -1.0174369999999999e-03        -5.9101390000000002e-04        -1.4226560000000000e-04         3.9554960000000002e-04        -1.8688499999999999e-05
42                                     2.7556990000000001e-04         2.5490769999999999e-04        -2.1019675999999999e-03         1.2987970000000000e-04         3.3321060000000000e-04        -1.3868109999999999e-04         3.1365240000000001e-04        -5.3019400000000003e-05
43                                     8.4176000000000002e-05        -3.0378650000000002e-04         1.3122800999999999e-03         5.8912199999999997e-04        -6.8721500000000003e-05         1.7109020000000000e-04        -1.4496710000000000e-04         7.4831400000000003e-05
44                                     1.7869788000000001e-03         3.6029399999999999e-04         1.0282882999999999e-03        -4.0536739999999998e-04         2.4264459999999999e-04        -3.4251350000000003e-04         1.0440199999999999e-04         4.0496400000000001e-05
45                                    -2.5750250000000001e-04        -2.7809519999999997e-04         1.5723089999999999e-04        -1.7646070000000000e-04         1.5219510000000000e-04         3.0400860000000002e-04        -1.4150210000000001e-04        -2.0123999999999999e-05
46                                    -2.6308380000000000e-04         4.5747879999999999e-04         2.9247600000000001e-04         1.6477270000000001e-04        -2.8364589999999999e-04         2.0482000000000001e-04        -9.9903999999999998e-05         8.1962999999999998e-06
47                                     1.4430993000000001e-03         1.1001930000000000e-04        -6.5612329999999999e-04        -1.5820210000000001e-04        -1.6851400000000001e-04        -4.2756089999999999e-04        -4.6315100000000000e-05        -2.2314999999999999e-05
48                                    -2.8231770000000000e-04         2.3084249999999999e-04         3.2748025000000000e-03         1.2403239999999999e-03         2.9218810000000001e-04         5.5656550000000003e-04        -5.2503010000000004e-04        -1.8099039999999999e-04
49                                     1.7922510000000001e-04         1.4906870000000000e-04        -5.9692271999999998e-03        -1.6542976000000001e-03        -9.9979949999999995e-04        -1.1675765000000000e-03         8.8249379999999998e-04        -1.3091880000000000e-04
50                                    -3.4010200000000002e-05        -2.3859230000000000e-04         2.9795604000000002e-03         7.2823729999999995e-04         6.4034930000000001e-04         5.7620220000000001e-04        -4.7472289999999999e-04         9.3445900000000006e-05
51                                     1.0734860000000000e-04         6.4095999999999996e-06        -2.8123508000000002e-03        -7.7386879999999999e-04        -5.4976669999999995e-04        -8.2530030000000005e-04         4.9067519999999995e-04         1.9344500000000001e-05
52                                     1.5892770000000000e-04         2.5326200000000002e-05         4.7945953000000001e-03         1.3676255000000001e-03         1.0634276000000000e-03         1.4090622000000001e-03        -6.8744960000000001e-04         9.0778999999999999e-06
53                                    -2.8327499999999999e-05        -6.9735999999999996e-06        -2.1525301999999998e-03        -5.7747940000000002e-04        -4.7078680000000000e-04        -5.5821940000000002e-04         3.1098619999999998e-04         6.6928999999999999e-06
54                                    -5.7928800000000000e-05         1.4459100000000000e-05        -1.6733290000000000e-04        -1.0487139999999999e-04        -6.3330600000000007e-05         1.5845700000000000e-05        -3.4253199999999999e-05        -2.8990999999999999e-06
55                                    -1.3160780000000000e-04        -1.2960300000000000e-05        -5.0844119999999995e-04        -1.8347970000000000e-04        -4.6848000000000003e-05        -1.0864910000000000e-04         9.3441099999999995e-05         8.8210900000000006e-05
56                                    -1.3242880000000000e-04         4.6582200000000003e-05        -6.8051560000000001e-04        -9.3903300000000006e-05        -9.5670399999999998e-05        -1.6096510000000001e-04         9.4666600000000006e-05         3.6017900000000000e-05
57                                    -1.5354300000000000e-05        -7.6477300000000000e-05        -5.5695600000000003e-05        -2.6589600000000000e-05        -2.6324000000000001e-05         3.5314600000000002e-05        -1.1090600000000000e-05         8.7107999999999997e-06
58                                    -1.0854599999999999e-05         5.8988199999999999e-05         1.1564620000000000e-04         1.6015299999999999e-05         2.1304599999999999e-05         2.0026599999999999e-05        -4.3763200000000001e-05         1.4576300000000000e-05
59                                     5.6004100000000001e-05        -9.9334000000000005e-06         1.1995500000000001e-05        -3.4154600000000000e-05         9.0975000000000006e-06         4.1203800000000000e-05         3.4586799999999999e-05         3.2947300000000002e-05
                                                         8                           9                          10                          11                          12                          13                          14                          15

0                                     -6.4019291800000003e-02        -3.1368466400000003e-02         6.5034649999999995e-04         3.2658307999999997e-02         4.4608910400000000e-02         3.5601756999999999e-03        -3.4744133000000001e-03        -9.4665069099999999e-02
1                                     -2.6613234999999999e-03         6.0047000000000003e-05        -5.2806036999999998e-03         1.3742286999999999e-03        -1.1468600000000001e-04         1.4020580999999999e-03        -5.7434191000000001e-03         2.0591249000000002e-03
2                                      4.6225428200000002e-02         3.1030968200000002e-02         8.8020399999999999e-04        -2.5475151900000000e-02        -4.5594868500000003e-02        -8.3399492000000002e-03        -5.1763281899999999e-02         7.3169493200000005e-02
3                                     -7.1252863099999994e-02         5.2608696599999998e-02        -4.2073440000000000e-04        -5.5616900900000002e-02        -5.5049462500000000e-02        -5.9206679000000000e-03        -1.5316570700000001e-02        -1.7831574300000000e-02
4                                     -2.1341833099999999e-02         4.6882369999999996e-03         9.8923470000000010e-04        -1.0717894600000000e-02        -6.1314450999999997e-03        -5.9294378999999999e-03        -8.8464670000000002e-04         8.7280780000000002e-04
5                                     -2.1516225050000001e-01        -5.5546600000000001e-05        -5.4300996999999997e-03        -5.8423565800000000e-02        -1.7185634700000001e-02        -9.8351319999999995e-04        -9.2004580000000003e-04         3.0020940699999998e-02
6                                     -1.3231676899999999e-02        -1.1283727680000000e-01         3.2000802000000002e-03         1.0206217850000000e-01        -1.0429788500000000e-02         1.7282538000000000e-03         3.3390975300000000e-02         4.8481527000000003e-03
7                                      4.5888136599999997e-02        -3.9138161999999997e-03        -4.9825890999999997e-02        -1.3993734700000000e-02         7.1488588000000004e-03         2.3578480000000001e-03         2.4886685000000000e-03        -1.4730690000000000e-04
8                                      6.3922910870000005e-01         2.2518942300000001e-02        -2.1166515200000000e-02        -3.0643549570000000e-01         9.2037422899999999e-02         8.4470164999999996e-03        -3.3538556000000000e-03        -1.4371946199999999e-02
9                                      2.2518942300000001e-02         6.6117163099999998e-01         5.1265144200000001e-02         1.1692423900000000e-02        -3.2616394080000000e-01        -1.5889020300000001e-02         9.3358148099999996e-02        -5.8990217800000001e-02
10                                    -2.1166515200000000e-02         5.1265144200000001e-02         1.2437233850000000e-01         4.9823316499999999e-02        -2.3868818999999999e-02        -4.8169420300000002e-02         3.1155677999999999e-03        -5.8740740000000000e-03
11                                    -3.0643549570000000e-01         1.1692423900000000e-02         4.9823316499999999e-02         6.5318760239999996e-01         1.6507098899999999e-02        -4.8195017999999997e-03        -1.0668039970000000e-01        -7.7360720000000001e-04
12                                     9.2037422899999999e-02        -3.2616394080000000e-01        -2.3868818999999999e-02         1.6507098899999999e-02         6.5587427799999998e-01         4.7338929799999999e-02        -3.0877208499999999e-02        -1.7045712860000001e-01
13                                     8.4470164999999996e-03        -1.5889020300000001e-02        -4.8169420300000002e-02        -4.8195017999999997e-03         4.7338929799999999e-02         1.2503720490000000e-01         4.6769869999999998e-02        -2.1567813700000001e-02
14                                    -3.3538556000000000e-03         9.3358148099999996e-02         3.1155677999999999e-03        -1.0668039970000000e-01        -3.0877208499999999e-02         4.6769869999999998e-02         6.5365916540000002e-01        -1.2714155780000000e-01
15                                    -1.4371946199999999e-02        -5.8990217800000001e-02        -5.8740740000000000e-03        -7.7360720000000001e-04        -1.7045712860000001e-01        -2.1567813700000001e-02        -1.2714155780000000e-01         5.9121197360000000e-01
16                                    -6.1809645999999999e-03        -1.1154409600000000e-02         5.2304209999999996e-04         5.2713474000000001e-03        -1.7582665399999999e-02        -5.5132952999999998e-02        -2.8244509300000002e-02         4.6580319299999999e-02
17                                    -5.5979931800000000e-02        -5.5650017400000001e-02        -1.6841953000000000e-03         4.3331798400000003e-02        -7.6594480800000003e-02        -2.3301544399999999e-02        -2.0962853949999999e-01         5.0011405999999996e-03
18                                     6.4684500000000000e-05         2.9836566000000001e-03        -9.3252199999999997e-04        -8.9565215999999996e-03        -4.8160504700000002e-02        -8.2092629999999996e-03        -1.3183205100000000e-02        -1.9989800080000000e-01
19                                    -1.0057630000000000e-04        -3.3207210000000000e-03         6.5330909000000000e-03         6.2099340000000005e-04        -1.5272759999999999e-03         1.3212167000000001e-03         4.1805449000000003e-03        -4.1856292800000000e-02
20                                    -1.5971418999999999e-03        -4.3185945999999996e-03        -5.9962069999999995e-04        -1.5872957999999999e-03        -1.5425332999999999e-02         8.5617600000000005e-05         7.5360117000000003e-03         2.9005227099999999e-02
21                                    -9.8516400000000004e-05         5.0108300000000004e-04         3.5812499999999999e-04         1.1818804000000001e-03         1.6907390999999999e-03         4.9474049999999998e-04         2.6861887000000002e-03        -1.7263533200000000e-02
22                                    -1.7798480000000001e-04         3.3324659999999997e-04        -2.1774610000000001e-04         2.1698449999999999e-04        -4.2397669999999998e-04        -1.6254590000000001e-04        -1.1726020000000000e-04         1.7604820000000001e-04
23                                     5.5137559999999999e-04         2.1018410000000001e-04        -2.6019090000000002e-04        -1.2042578000000001e-03        -4.5598313999999996e-03        -1.0859973999999999e-03        -7.8486750000000003e-04         2.0858530100000001e-02
24                                     1.9665604000000001e-03         7.7954000000000006e-05         1.0335810000000000e-04         6.1378959999999999e-04         4.1279210000000002e-04        -4.5651840000000002e-04         1.7044097000000001e-03         4.1423713999999999e-03
25                                    -4.6763149999999999e-04         1.1398330000000000e-04        -3.1419469999999998e-04         1.6430549999999999e-04        -4.3391810000000002e-04         6.7251428000000002e-03        -1.0240059000000000e-03        -1.2066991999999999e-03
26                                     8.7110530000000005e-04         5.5117329999999996e-04         1.3140879999999999e-04         2.8782960000000001e-04         2.3679990000000000e-03        -8.3026089999999996e-04        -5.2572154999999997e-03        -1.8683386999999999e-02
27                                    -1.8599936899999999e-02        -1.9759273999999999e-03        -1.2382895000000000e-03        -3.2377174999999999e-03        -4.2061079999999997e-04        -5.1320999999999999e-05        -3.5573290000000002e-04        -5.5322232000000002e-03
28                                    -4.0088038000000003e-03        -1.2359176000000000e-03         7.4539795999999997e-03        -1.1698305999999999e-03         1.0836400000000000e-05        -2.5074480000000001e-04         1.4495890000000000e-04        -1.2016939000000001e-03
29                                    -2.4196186299999999e-02        -3.7603712999999999e-03        -1.2547776000000001e-03        -2.5313482000000002e-03        -4.7487659999999999e-04         2.2272600000000001e-05         7.1711469999999995e-04         2.0285440000000002e-03
30                                     5.9329220799999999e-02        -1.0866803400000000e-02        -7.9530110000000003e-04         4.1750264999999998e-03         5.0784590000000002e-04        -4.6358890000000000e-04         2.4003923000000000e-03         7.0530099999999997e-04
31                                     3.5833836000000001e-03         1.3294579999999999e-03         1.6407508999999999e-03        -4.3267900000000000e-04        -3.9619450000000000e-04         7.5433632999999996e-03        -9.7105160000000000e-04         3.4900000000000001e-08
32                                    -5.7758327399999997e-02         2.7793791900000000e-02         1.7725877000000000e-03        -8.1855598000000005e-03         2.0505299000000000e-03        -9.9938630000000000e-04        -5.3349501999999998e-03        -3.8461149999999999e-04
33                                     4.2684102999999999e-03        -1.6365140800000000e-01        -2.3624211100000000e-02        -1.2745455000000000e-01        -2.3241142499999999e-02        -4.0947364999999996e-03        -2.0628338900000001e-02        -5.4994904000000002e-03
34                                    -1.9143108000000001e-03        -2.3747671200000001e-02        -3.9402932100000003e-02        -2.4802734399999998e-02        -1.9657178999999999e-03         2.8241799999999999e-04        -1.6236244000000001e-03        -1.2229700000000001e-03
35                                    -2.3812059000000000e-02        -1.2760219649999999e-01        -2.4847618900000000e-02        -1.7852883170000000e-01         2.6426074000000001e-03         5.5546230000000005e-04         3.8972545999999999e-03         1.4682142999999999e-03
36                                     1.4711353000000000e-03        -1.0003770600000000e-02         1.4808753999999999e-03         2.7349601200000000e-02        -6.5651705699999993e-02         3.8092584000000000e-03         7.4459349399999999e-02         5.6955145000000002e-03
37                                    -4.9551339999999997e-04        -7.2561230000000004e-04         1.5541029000000000e-03         1.3945982000000000e-03         3.9763365000000002e-03        -3.5139639700000003e-02        -1.4601242200000000e-02         4.0677939999999999e-04
38                                     7.8712439999999997e-04         4.1227414999999998e-03        -4.1289350000000001e-04        -8.1948183999999997e-03         7.4200999399999995e-02        -1.5127157800000001e-02        -2.8242694200000001e-01         4.0541891000000002e-03
39                                    -2.4612149999999998e-04        -1.0385901000000001e-03        -5.3940620000000005e-04         7.8468120000000003e-04         1.2932332000000000e-03         1.1609478999999999e-03         1.4502942000000000e-03        -1.9796062400000002e-02
40                                     2.1292800000000001e-04         2.0361399000000001e-03         5.5472259999999999e-04        -1.9884511000000001e-03        -5.0474316000000000e-03        -2.1240346000000001e-03        -3.6221220999999998e-03         2.7322052100000001e-02
41                                     3.0513680000000002e-04        -3.2589979999999999e-04         9.8617500000000002e-05         1.0246180000000000e-04         1.0159161000000000e-03         2.0374370000000001e-04         7.9670179999999998e-04        -5.5608096999999997e-03
42                                    -1.1746960000000000e-04        -1.1072324000000000e-03         5.8626100000000003e-04        -9.3200759999999998e-04        -4.2270179000000003e-03        -1.5275382000000000e-03         2.2850082999999999e-03        -2.0335407699999999e-02
43                                     2.2290680000000001e-04         6.2032090000000003e-04        -1.1329050000000000e-04        -9.0743479999999999e-04        -1.9874910000000001e-03         1.7510008000000000e-03        -8.2224360000000005e-04         3.4022244999999999e-03
44                                     2.3949320000000001e-04         1.8941680000000001e-04         3.0429000000000001e-06         1.2584879999999999e-04         7.9885799999999995e-04        -3.4939310000000001e-04        -4.1430500000000003e-05        -1.4911478000000000e-03
45                                     2.8822560000000001e-04         2.9124140000000000e-04         5.0129800000000002e-05        -1.6159080000000000e-04        -4.5615000000000003e-06        -6.1840099999999998e-05        -6.4898940000000002e-04         7.0330519999999995e-04
46                                     7.6782900000000006e-05         1.4291710000000001e-04        -1.8076600000000001e-04        -2.0889710000000000e-04        -2.3374060000000001e-04        -2.3038790000000001e-04        -4.1365059999999999e-04         1.4819112999999999e-03
47                                    -1.6762300000000000e-05        -1.1877420000000000e-04        -3.2433600000000001e-05         2.3713190000000000e-04        -2.5179999999999999e-04        -2.3253300000000000e-05        -2.0428299999999999e-05        -2.4883510000000002e-04
48                                     2.0562700000000000e-04         1.1052030999999999e-03        -1.1586010000000000e-04        -1.4312904999999999e-03        -2.6293456000000002e-03        -1.0439704999999999e-03        -2.4321668999999998e-03         9.8715051000000005e-03
49                                    -3.2213940000000001e-04        -1.7896008000000000e-03        -7.2662659999999995e-04         2.5849027999999999e-03         4.2641607999999998e-03         2.4456120999999998e-03         5.1358109999999997e-03        -1.9854869700000000e-02
50                                     4.0214770000000002e-04         9.6632689999999997e-04         1.1296450000000001e-04        -1.4288816999999999e-03        -2.6464626999999998e-03        -1.1129543000000001e-03        -2.4506782000000000e-03         8.9683075999999994e-03
51                                    -1.7919470000000000e-04        -6.1985329999999996e-04        -2.6490040000000002e-04         1.4643391999999999e-03         1.9230435999999999e-03         9.2212100000000003e-04         2.2544007000000000e-03        -6.0415674000000004e-03
52                                     3.9176920000000000e-04         1.1539975000000001e-03         5.7431390000000000e-04        -2.5939894999999998e-03        -3.1747330999999999e-03        -1.5089395999999999e-03        -3.7969369999999998e-03         1.0639651000000000e-02
53                                    -1.3209340000000001e-04        -6.2335880000000002e-04        -3.0490459999999998e-04         1.2390490000000001e-03         1.5570702000000001e-03         7.7166310000000005e-04         1.7877443000000001e-03        -5.1134205000000002e-03
54                                    -1.1515000000000001e-05        -9.6314600000000001e-05        -3.2199100000000001e-05         8.7127399999999995e-05         5.8155400000000002e-05         2.1074930000000001e-04         8.0545900000000004e-05        -6.8233580000000001e-04
55                                     3.8037300000000003e-05         2.4099000000000000e-06         4.4701099999999998e-05         2.5636749999999997e-04         2.7717840000000002e-04        -2.0278810000000000e-04         1.6194930000000001e-04        -3.6864539999999999e-04
56                                    -1.1668070000000000e-04         4.6368999999999996e-06         8.4929999999999998e-06         2.1487240000000001e-04         3.9168189999999999e-04         1.0232040000000000e-04         3.7200010000000002e-04        -7.6048920000000000e-04
57                                    -2.1697099999999999e-05        -1.9664200000000001e-05         1.1996399999999999e-05        -1.2268399999999999e-05         6.6211599999999995e-05         6.1102100000000006e-05        -1.1528999999999999e-05        -1.8551270000000000e-04
58                                    -2.3364600000000000e-05         3.0867700000000003e-05        -8.8060000000000001e-06        -7.1896699999999999e-05        -1.2820590000000001e-04        -1.4972700000000000e-05        -1.3265759999999999e-04         3.5941199999999998e-04
59                                    -5.0135200000000001e-05         1.6005300000000001e-05         4.7047500000000000e-05        -5.0987700000000000e-05         4.0312699999999998e-05         1.4945300000000001e-05        -1.0335779999999999e-04        -4.4774600000000003e-05
                                                        16                          17                          18                          19                          20                          21                          22                          23

0                                     -1.4495218999999999e-03         2.3937763599999998e-02        -2.3834940100000000e-02         3.2476874000000001e-03         3.1216600300000001e-02        -5.6177511000000003e-03        -1.4697699000000000e-03         7.8117210000000004e-04
1                                     -5.0953183999999999e-02        -1.8174147799999998e-02         4.7344789999999998e-04        -7.5881340000000003e-04         1.2019254000000001e-03        -1.4434913000000000e-03         1.8634506000000000e-03         7.8548500000000005e-04
2                                     -1.4120252900000000e-02        -2.8591383390000003e-01         2.8737040100000000e-02        -5.7957989999999999e-03        -1.6227872399999999e-02        -7.9235510000000005e-04         3.3572419999999999e-04         2.6994693000000000e-03
3                                      5.3581124000000001e-03         8.4883683299999999e-02         9.3162576000000007e-03        -3.1843383999999998e-03         3.3460009999999998e-04        -1.1804675000000001e-03         3.5344620000000000e-04         1.6238129000000000e-03
4                                      1.8786979000000000e-03         7.6625291999999996e-03         2.9003070000000001e-04         5.6578742999999999e-03        -5.0744709999999999e-04         5.1088339999999998e-04         1.2146500000000000e-04        -2.4608170000000001e-04
5                                      2.0533612000000001e-03        -4.6532719999999999e-04         4.3512478000000002e-03        -1.6755669000000000e-03        -5.8378007000000004e-03         1.0224464999999999e-03         2.4897450000000001e-04         5.0903890000000005e-04
6                                     -3.1654120000000000e-04        -1.4899639100000001e-02        -4.3444128000000000e-03         1.2039207000000001e-03         9.2122639999999995e-04         7.5525120000000004e-04        -6.5556599999999995e-05        -7.4177119999999997e-04
7                                     -7.4527938000000004e-03        -5.8426073000000002e-03        -4.5524999999999998e-04        -1.9122700000000000e-04         7.1381800000000002e-05         1.1260800000000000e-04        -6.9168899999999994e-05        -1.4010860000000000e-04
8                                     -6.1809645999999999e-03        -5.5979931800000000e-02         6.4684500000000000e-05        -1.0057630000000000e-04        -1.5971418999999999e-03        -9.8516400000000004e-05        -1.7798480000000001e-04         5.5137559999999999e-04
9                                     -1.1154409600000000e-02        -5.5650017400000001e-02         2.9836566000000001e-03        -3.3207210000000000e-03        -4.3185945999999996e-03         5.0108300000000004e-04         3.3324659999999997e-04         2.1018410000000001e-04
10                                     5.2304209999999996e-04        -1.6841953000000000e-03        -9.3252199999999997e-04         6.5330909000000000e-03        -5.9962069999999995e-04         3.5812499999999999e-04        -2.1774610000000001e-04        -2.6019090000000002e-04
11                                     5.2713474000000001e-03         4.3331798400000003e-02        -8.9565215999999996e-03         6.2099340000000005e-04        -1.5872957999999999e-03         1.1818804000000001e-03         2.1698449999999999e-04        -1.2042578000000001e-03
