*************************************************
******************* ORCA 6.1.0 ******************
*************************************************
$Calculation_Status
   &GeometryIndex 0
   &version [&Type "String"] "6.1.0"
   &progName [&Type "String"] "orca"
   &Status [&Type "String"] "NORMAL TERMINATION"
$End
$Geometry
   &GeometryIndex 1
   &NAtoms [&Type "Integer"] 20
   &NCorelessECP [&Type "Integer"] 0
   &NGhostAtoms [&Type "Integer"] 0
   &CartesianCoordinates [&Type "Coordinates", &Dim(20,4), &Units "Bohr"] 
              C     -0.851870618192    1.613621697804    1.552811051897
              C     -3.330016512467    0.972199899638    2.115479106368
              C     -4.571838012916   -0.934438194437    0.710953107188
              C     -3.325765902299   -2.200308485292   -1.256658268490
              C     -0.840423095549   -1.570105767349   -1.812290513143
              C      0.411892329418    0.341975067890   -0.414404513436
              C      3.124575540026    1.037261012325   -0.981249371830
              O      5.623979514055    1.683772800824    1.572267678346
              H      0.121404817679    3.107794243470    2.631859860179
              H     -4.297240949170    1.968267670667    3.647011396239
              H     -6.508318630427   -1.429313315531    1.146726143857
              H     -4.287666062541   -3.684572753284   -2.358807879676
              H      0.127047966834   -2.562239708618   -3.349113578640
              H      3.621336678525    2.452852288015   -0.553754146175
              H      3.762895969569   -0.129375859573   -2.611425899804
              H      5.389613752314    0.063924560414    2.406407420920
              O      4.790599292235    5.106058898863    0.826619810870
              O      7.456857948821    8.867623358981    2.756757168822
              H      3.184359356734    6.343654209971   -1.318136950448
              H      8.064854808539    5.522082535034    3.190074525752
$End
$Single_Point_Data
   &GeometryIndex 1
   &FinalEnergy [&Type "Double"]      -3.1620169478760001e+01  "Final single point energy"
   &Converged [&Type "Boolean"] true
$End
$Hessian
   &GeometryIndex 1
   &HESSIAN [&Type "ArrayOfDoubles", &Dim (60,60)] "The Hessian"
                                                         0                           1                           2                           3                           4                           5                           6                           7

0                                      5.8087586849999995e-01         1.1920052980000000e-01        -9.9535784399999994e-02        -2.9535216110000001e-01        -3.7246821499999999e-02         8.5267173599999996e-02        -3.1550533999999998e-02        -6.0729381700000001e-02
1                                      1.1920052980000000e-01         3.8176513639999998e-01         2.0747366230000000e-01        -8.7026296500000003e-02        -8.5898108900000006e-02         2.9549970000000000e-03        -2.3850352500000001e-02        -7.7085844000000002e-03
2                                     -9.9535784399999994e-02         2.0747366230000000e-01         3.9486193240000000e-01         3.1421018500000002e-02        -2.0502827099999999e-02        -8.8029548200000002e-02        -9.0162796999999992e-03         2.1066469700000000e-02
3                                     -2.9535216110000001e-01        -8.7026296500000003e-02         3.1421018500000002e-02         5.6579997380000002e-01         8.9043584999999995e-02        -1.2620169970000000e-01        -1.2668201930000000e-01        -3.7304863399999999e-02
4                                     -3.7246821499999999e-02        -8.5898108900000006e-02        -2.0502827099999999e-02         8.9043584999999995e-02         3.6471648359999997e-01         2.0845810240000001e-01        -8.7607845099999998e-02        -1.6005267670000001e-01
5                                      8.5267173599999996e-02         2.9549970000000000e-03        -8.8029548200000002e-02        -1.2620169970000000e-01         2.0845810240000001e-01         4.0741870569999999e-01        -5.6376114999999997e-02        -9.4827839400000002e-02
6                                     -3.1550533999999998e-02        -2.3850352500000001e-02        -9.0162796999999992e-03        -1.2668201930000000e-01        -8.7607845099999998e-02        -5.6376114999999997e-02         5.8885128220000005e-01         1.0750950340000000e-01
7                                     -6.0729381700000001e-02        -7.7085844000000002e-03         2.1066469700000000e-02        -3.7304863399999999e-02        -1.6005267670000001e-01        -9.4827839400000002e-02         1.0750950340000000e-01         3.5671352429999997e-01
8                                     -4.8056498800000000e-02         2.9444190999999998e-03         2.7789599599999999e-02        -3.4351424000000001e-03        -7.0388177199999999e-02        -1.2537100749999999e-01        -1.1544355460000000e-01         1.9095782740000000e-01
9                                     -3.9211163399999999e-02         7.7845301999999996e-03         2.5019436799999999e-02         5.1509386200000000e-02         2.9933845200000000e-02         6.7674368999999998e-03        -1.3175130139999999e-01         6.7120838000000000e-03
10                                     9.0000850999999993e-03        -8.0440160000000004e-04        -3.2883840000000000e-04        -4.6669440000000001e-03        -2.4928085700000002e-02        -2.4589631500000000e-02         5.7560128000000002e-02        -1.1932694080000000e-01
11                                     2.4711951800000000e-02         6.3711610000000000e-04        -1.6637758300000000e-02        -2.8180337900000001e-02        -4.1567258699999998e-02        -2.8647482599999999e-02         1.0172497730000001e-01        -7.7613442399999996e-02
12                                     4.2837268900000003e-02        -1.9106875000000001e-03        -2.3034622300000002e-02        -3.8812349900000001e-02        -2.5559870900000000e-02        -1.0016026300000000e-02        -3.4498025500000001e-02         4.4730618200000002e-02
13                                     2.3474616899999998e-02        -2.2636965500000002e-02        -3.6448553199999997e-02        -2.4594847800000000e-02        -1.7247367300000000e-02        -1.9378368999999999e-03         7.4517506999999998e-03         2.6192599399999999e-02
14                                     4.8147041000000000e-03        -2.4272432199999999e-02        -2.6478824599999999e-02        -9.7278695999999994e-03        -1.6436619999999999e-03        -1.3939554000000000e-03         2.4548321599999999e-02         5.3597551000000004e-03
15                                    -1.1043725200000000e-01         4.8938936900000000e-02         8.1846403799999995e-02        -3.8604396399999998e-02         2.3887014000000002e-03         2.1371563900000001e-02         5.6997647000000002e-03         3.4240732000000002e-03
16                                     2.0945894100000001e-02        -1.2211751749999999e-01        -8.3032527199999998e-02         3.6951391500000000e-02         2.2519970100000002e-02         5.1056004999999998e-03         3.5856666000000001e-03        -2.8475233700000002e-02
17                                     4.8359614099999997e-02        -9.5277861599999999e-02        -1.7935362690000001e-01         5.8935791699999997e-02         2.1615561500000002e-02        -1.8515141000000001e-03        -2.3964070000000001e-03        -2.4024900100000000e-02
18                                    -3.7722755800000000e-02         8.5552632999999993e-03         2.5266273400000001e-02         7.4643983999999998e-03         4.0446706000000004e-03         5.6115165000000002e-03        -2.0700582000000001e-03        -4.2748504999999999e-03
19                                     5.1723982999999996e-03         5.9084803000000003e-03         3.0552890000000001e-03         4.1415415999999997e-03         4.7711595999999998e-03        -2.6278057999999998e-03        -2.7323399000000002e-03        -4.5855000000000001e-04
20                                     2.0332455999999999e-02         7.7303568999999997e-03        -5.6104370999999998e-03         4.8006066999999996e-03         3.4835079999999999e-04        -1.2435571000000000e-03        -5.1761989999999996e-04         9.0940900000000002e-05
21                                     1.2688301999999999e-03        -3.1495188999999999e-03        -3.7869815000000002e-03         2.7918460000000002e-04        -3.2641852999999998e-03         1.1563674999999999e-03         2.5082769999999998e-04        -8.4496150000000004e-04
22                                    -6.6575840000000005e-04        -5.2537100000000002e-05         9.4727389999999998e-04         1.2951706000000000e-03        -1.0180123000000001e-03         2.7977408999999998e-03        -1.2612742000000000e-03        -4.1874520000000000e-04
23                                     3.3583874000000001e-03        -2.6220756000000000e-03        -3.9975208999999999e-03        -1.5659033999999999e-03        -1.0238395000000001e-03        -1.1722087999999999e-03         5.4123140000000001e-04         4.8605449999999999e-04
24                                    -9.2359577999999998e-02        -7.1667123400000005e-02        -4.9019125300000001e-02        -1.4290159700000001e-02        -1.9742199600000000e-02        -1.3378813000000000e-02        -3.9780943999999999e-03        -3.0787060000000001e-03
25                                    -7.1934546799999999e-02        -1.5328502750000000e-01        -8.2620479900000002e-02        -5.4666589999999996e-03        -4.8569633999999999e-03        -4.5434228000000004e-03        -2.9904523999999999e-03         4.0297769000000004e-03
26                                    -4.9393271000000002e-02        -8.1805503099999996e-02        -1.0066883340000000e-01         2.6474947000000000e-03         3.0674960999999999e-03         3.6360195000000001e-03         2.6807285000000000e-03        -2.8935536999999999e-03
27                                    -1.6030366399999999e-02         1.2403510800000000e-02         2.1617218300000001e-02        -9.4591299300000001e-02         4.9009244100000002e-02         7.9978831000000000e-02         5.6738416999999996e-03        -5.5681397000000004e-03
28                                    -2.5309289999999999e-03         3.3114047999999998e-03         3.7206726000000002e-03         4.9922411100000001e-02        -9.5631836600000006e-02        -8.5688537699999998e-02         9.0149446999999994e-03        -1.0243631300000000e-02
29                                     5.5904008999999996e-03        -3.9081361999999996e-03        -5.7789369000000000e-03         8.1053403499999996e-02        -8.5001523300000006e-02        -1.6757181439999999e-01         6.7341359999999999e-03        -8.4582906999999992e-03
30                                     9.1617299999999994e-05        -3.7920162000000001e-03        -3.5340170000000001e-04        -1.4213319300000001e-02        -4.9783068999999999e-03         2.8318204999999998e-03        -2.7079192219999998e-01        -5.9833588200000003e-02
31                                    -3.7242989999999999e-03         4.0592619999999999e-04        -5.5043710999999997e-03        -1.9779301799999999e-02        -4.7390577999999999e-03         2.8860597000000001e-03        -6.0259787900000000e-02        -5.4728460800000003e-02
32                                    -1.8928010000000001e-04        -5.1620683000000002e-03         2.1102756000000002e-03        -1.2904465299999999e-02        -4.2917225999999998e-03         3.8858069999999998e-03         5.2777209700000001e-02         9.4524628999999999e-03
33                                    -9.1697299999999994e-05         3.7075470000000002e-04         2.9020290000000002e-04         3.8180620000000001e-04        -2.8845700000000001e-05         3.5235535000000002e-03         5.6535798999999996e-03         8.4463379999999994e-03
34                                     3.2264160000000002e-04         2.9060149999999999e-04         3.9860509999999999e-04         2.8407660000000001e-04         2.6368418999999999e-03        -4.8782236999999999e-03        -5.8974635999999997e-03        -1.0448102100000000e-02
35                                     4.8370230000000002e-04         2.6634000000000000e-04        -1.2831640000000001e-04         3.7479070000000000e-03        -4.8852362000000003e-03         3.2660369999999998e-04        -8.8333031999999999e-03        -1.5751865600000001e-02
36                                    -8.0066600000000004e-05        -3.3024127000000000e-03        -4.3576260000000001e-04        -1.6523770000000001e-04        -3.4421359999999999e-04        -3.3275390000000001e-04        -4.6234212000000000e-03        -3.0471730999999998e-03
37                                    -3.5817636000000002e-03         5.1277959999999998e-04        -4.4896123000000001e-03        -1.2345800000000000e-05         2.8321830000000001e-04         2.7221199999999997e-04        -2.7371493000000000e-03         3.8734820000000001e-03
38                                    -5.8313720000000002e-04        -4.8775381000000003e-03         1.5398921000000000e-03        -4.2024329999999999e-04         1.6656099999999999e-04         3.8384250000000002e-04         3.0184703000000002e-03        -2.5421743000000000e-03
39                                     2.4106790000000002e-03        -1.1045370000000000e-04        -3.1176838999999999e-03        -1.6339146000000000e-03         3.1293841999999999e-03        -1.5484828000000000e-03        -5.1585699999999999e-04         3.7766116999999998e-03
40                                     2.0321234000000000e-03         2.3480130000000000e-04        -8.8016609999999997e-04        -1.0297745000000000e-03         6.0012800000000002e-05        -2.0248724000000002e-03         1.2385174000000001e-03        -3.0386760000000002e-04
41                                     3.1080868999999998e-03        -2.9711529000000002e-03        -1.6638162000000001e-03        -1.1249611999999999e-03        -4.5168732000000003e-03        -2.6512900000000002e-05         1.5108343000000001e-03        -8.3638639999999997e-04
42                                    -4.5814814000000002e-03        -1.8459037000000001e-03         2.1378745999999999e-03        -5.8417929999999999e-04         8.2888669999999995e-04         9.6448479999999999e-04         2.2870500000000000e-04         1.6473130000000001e-04
43                                    -1.0058000000000001e-03         8.4028219999999999e-04        -1.8670000000000000e-03        -6.9283710000000000e-04        -2.9829800000000001e-04         1.6696140000000000e-04         2.4227000000000000e-04         3.2359460000000001e-04
44                                     2.7583975999999999e-03        -9.2449890000000003e-04         1.3761044999999999e-03         2.5093800000000000e-05         2.3506460000000001e-04        -8.9646039999999999e-04        -1.6438530000000001e-04         3.9414199999999999e-05
45                                     1.5431517000000000e-03        -8.7284270000000000e-04        -1.1505776000000001e-03        -1.0315534000000001e-03        -1.9759960000000000e-04        -9.7342100000000003e-04         7.7142339999999995e-04         2.9766040000000002e-04
46                                    -4.3641770000000000e-04        -8.3732499999999998e-05        -4.4836229999999999e-04         1.5050860000000000e-04        -1.9456460000000000e-04         2.4117149999999999e-04        -2.3084679999999999e-04        -2.6236200000000001e-05
47                                     7.0992669999999996e-04        -6.9404790000000003e-04        -1.0850720999999999e-03        -4.2097730000000000e-04        -4.3722949999999998e-04        -6.9799990000000002e-04         3.2073460000000002e-04         4.3070900000000001e-05
48                                    -2.2029541000000001e-03         7.9316100000000002e-04         1.9307116000000001e-03         8.0470629999999997e-04         1.3614591000000000e-03         1.0801345999999999e-03        -1.4507016000000000e-03         4.8112170000000001e-04
49                                     1.3001397000000001e-03        -1.3592620000000001e-04        -3.3016660000000000e-04        -9.8805050000000004e-04        -1.7728799999999999e-05        -1.0552985000000000e-03         8.2224369999999998e-04         7.6713089999999996e-04
50                                    -2.1339209000000000e-03         1.2564480000000001e-04         3.0743433999999999e-03         1.9986774000000001e-03        -4.1043260000000000e-04         3.0369069000000001e-03        -1.2659263000000000e-03        -8.9807109999999999e-04
51                                     4.2173539999999999e-04        -6.2862200000000001e-04        -2.5968829999999999e-04        -2.9578960000000001e-04        -9.4867900000000002e-04        -1.7303830000000000e-04         6.6870039999999996e-04        -9.3392699999999998e-04
52                                     1.7997899999999999e-05        -1.3731729999999999e-04        -2.7377610000000002e-04        -6.7377299999999996e-05        -2.3824820000000000e-04        -3.7358399999999998e-05        -1.9723200000000001e-05         9.1315099999999996e-05
53                                     5.6559900000000000e-05         1.8729220000000000e-04        -7.8183280000000005e-04        -4.7626690000000002e-04         8.6546419999999999e-04        -1.0559063000000000e-03         3.3554000000000001e-06         3.8971919999999997e-04
54                                     1.8654100000000000e-04        -2.2709210000000001e-04         2.1078110000000001e-04         1.8989739999999999e-04        -5.9290869999999998e-04         6.1396349999999998e-04         3.9105830000000000e-04        -6.0784040000000004e-04
55                                     1.7550680000000000e-04        -3.3793689999999998e-04         1.2939519999999999e-04        -1.7955250000000001e-04         3.1367679999999998e-04        -5.2291480000000003e-04         1.8541730000000000e-04        -1.3260750000000001e-04
56                                     1.0849140000000000e-04         6.2992219999999995e-04        -8.8255159999999996e-04        -5.9661359999999995e-04         5.9835420000000001e-04        -1.2146485000000000e-03         3.7520900000000002e-05         2.9993910000000002e-04
57                                    -1.5681900000000000e-05         3.3663530000000000e-04        -3.0013700000000000e-05        -1.7297320000000000e-04         7.7169979999999999e-04        -1.6649640000000000e-04        -2.7724830000000001e-04         6.8068969999999997e-04
58                                     2.1378409999999999e-04        -7.1356800000000001e-05        -6.4687400000000000e-05         2.0165399999999998e-05        -1.8041480000000000e-04        -1.4910360000000000e-04        -2.3206900000000000e-05         3.3221280000000003e-04
59                                     2.3203979999999999e-04        -4.3443589999999998e-04         3.4492769999999999e-04         4.2448730000000002e-04        -6.8617280000000003e-04         4.8473080000000000e-04         1.1607110000000000e-04        -3.3913010000000002e-04
                                                         8                           9                          10                          11                          12                          13                          14                          15

0                                     -4.8056498800000000e-02        -3.9211163399999999e-02         9.0000850999999993e-03         2.4711951800000000e-02         4.2837268900000003e-02         2.3474616899999998e-02         4.8147041000000000e-03        -1.1043725200000000e-01
1                                      2.9444190999999998e-03         7.7845301999999996e-03        -8.0440160000000004e-04         6.3711610000000000e-04        -1.9106875000000001e-03        -2.2636965500000002e-02        -2.4272432199999999e-02         4.8938936900000000e-02
2                                      2.7789599599999999e-02         2.5019436799999999e-02        -3.2883840000000000e-04        -1.6637758300000000e-02        -2.3034622300000002e-02        -3.6448553199999997e-02        -2.6478824599999999e-02         8.1846403799999995e-02
3                                     -3.4351424000000001e-03         5.1509386200000000e-02        -4.6669440000000001e-03        -2.8180337900000001e-02        -3.8812349900000001e-02        -2.4594847800000000e-02        -9.7278695999999994e-03        -3.8604396399999998e-02
4                                     -7.0388177199999999e-02         2.9933845200000000e-02        -2.4928085700000002e-02        -4.1567258699999998e-02        -2.5559870900000000e-02        -1.7247367300000000e-02        -1.6436619999999999e-03         2.3887014000000002e-03
5                                     -1.2537100749999999e-01         6.7674368999999998e-03        -2.4589631500000000e-02        -2.8647482599999999e-02        -1.0016026300000000e-02        -1.9378368999999999e-03        -1.3939554000000000e-03         2.1371563900000001e-02
6                                     -1.1544355460000000e-01        -1.3175130139999999e-01         5.7560128000000002e-02         1.0172497730000001e-01        -3.4498025500000001e-02         7.4517506999999998e-03         2.4548321599999999e-02         5.6997647000000002e-03
7                                      1.9095782740000000e-01         6.7120838000000000e-03        -1.1932694080000000e-01        -7.7613442399999996e-02         4.4730618200000002e-02         2.6192599399999999e-02         5.3597551000000004e-03         3.4240732000000002e-03
8                                      3.8748211659999998e-01         4.7380239400000003e-02        -1.0121551480000000e-01        -1.8468965660000000e-01         6.5343171399999997e-02         2.3345603699999998e-02        -5.0572318000000000e-03        -2.3907857000000001e-03
9                                      4.7380239400000003e-02         5.6362590099999998e-01         1.1864058290000000e-01        -9.3304342999999998e-02        -2.9110819449999997e-01        -3.7822013299999999e-02         8.0525623899999996e-02        -3.5551077500000000e-02
10                                    -1.0121551480000000e-01         1.1864058290000000e-01         3.7816387520000000e-01         2.1303145520000000e-01        -9.0173525000000004e-02        -8.7723007000000006e-02         3.0530381000000001e-03        -2.1502354500000001e-02
11                                    -1.8468965660000000e-01        -9.3304342999999998e-02         2.1303145520000000e-01         3.9942306740000000e-01         2.7228494200000002e-02        -2.0827545499999999e-02        -8.3991588899999997e-02        -3.8152564000000001e-03
12                                     6.5343171399999997e-02        -2.9110819449999997e-01        -9.0173525000000004e-02         2.7228494200000002e-02         5.6912185000000004e-01         9.0543538300000004e-02        -1.2039989530000000e-01        -1.0701102320000000e-01
13                                     2.3345603699999998e-02        -3.7822013299999999e-02        -8.7723007000000006e-02        -2.0827545499999999e-02         9.0543538300000004e-02         3.6056797779999999e-01         2.0726485340000000e-01        -6.5867355500000002e-02
14                                    -5.0572318000000000e-03         8.0525623899999996e-02         3.0530381000000001e-03        -8.3991588899999997e-02        -1.2039989530000000e-01         2.0726485340000000e-01         4.0144719400000001e-01        -5.0229777000000003e-02
15                                    -2.3907857000000001e-03        -3.5551077500000000e-02        -2.1502354500000001e-02        -3.8152564000000001e-03        -1.0701102320000000e-01        -6.5867355500000002e-02        -5.0229777000000003e-02         4.4080809069999999e-01
16                                    -2.5324239200000001e-02        -5.6928489700000001e-02        -4.3769172999999998e-03         2.0842708500000001e-02        -3.6373615900000003e-02        -1.5449126550000000e-01        -9.1038314300000006e-02         6.5944458400000003e-02
17                                    -3.1425829099999997e-02        -4.0027958600000003e-02         1.6667504000000000e-03         2.1990146600000000e-02        -2.0448938699999999e-02        -8.1502453300000000e-02        -1.2379614910000000e-01        -7.8762111699999998e-02
18                                     5.5842299999999999e-05         8.8656262000000007e-03        -6.7510844000000002e-03        -9.0061421999999992e-03        -3.1390291700000003e-02        -3.1058364700000000e-02        -5.0665118000000004e-03        -1.0237258310000000e-01
19                                    -3.5697920000000001e-04        -1.9133447000000000e-03         2.4883849000000000e-03        -7.8516226000000001e-03        -2.4902061800000000e-02        -1.1518374099999999e-02        -3.3978920000000000e-03        -1.3372607200000001e-02
20                                     4.0901449999999998e-04        -6.6597580000000002e-04        -6.7794472999999997e-03         3.8884393000000001e-03        -1.2855409999999999e-02        -1.0298962400000000e-02         6.3275147000000000e-03         4.6583417900000000e-02
21                                    -3.3550419999999999e-04         2.1541430000000000e-04        -1.6192418000000001e-03         3.0580586000000000e-03         1.8867337000000001e-03         8.4061202000000005e-03        -1.4088859000000000e-03        -2.3389810200000000e-02
22                                     2.8808419999999999e-04         1.6513735000000000e-03        -2.1855783000000002e-03         1.7428749000000000e-03        -8.9657010000000000e-04         4.2621500000000001e-03        -6.4220948000000000e-03        -8.7786545000000001e-03
23                                     5.5229499999999997e-05        -1.4577811000000000e-03         5.1742420000000001e-04         2.1807042000000000e-03         3.3947653000000002e-03         5.4758979000000003e-03         2.2609792999999999e-03        -1.8023911100000001e-02
24                                     2.7569307000000001e-03        -3.2942440000000001e-04         2.2299110000000000e-04         3.1463830000000000e-04         1.5309600000000000e-04         4.1505010000000001e-04         3.6230366999999999e-03         5.2444826000000002e-03
25                                    -2.6985598000000000e-03         2.8409680000000001e-04         3.7570390000000000e-04         3.5462029999999998e-04         4.5006510000000002e-04         2.0084399000000002e-03        -4.4633464999999997e-03        -5.7753949000000004e-03
26                                     3.6537026999999998e-03         2.1434700000000000e-05         2.3780490000000000e-04         1.7486520000000000e-04         3.5824642000000001e-03        -4.2678687999999996e-03        -1.3697080000000001e-04        -8.5401342000000005e-03
27                                    -8.5228031000000003e-03         2.9743940000000001e-04        -3.4704864999999998e-03        -1.3792200000000001e-04        -1.2135050000000000e-04        -3.9175119999999998e-04        -3.8401089999999999e-04        -4.0575057000000001e-03
28                                    -1.5587145600000000e-02        -3.6394861000000000e-03         7.4286100000000004e-04        -5.2271050000000001e-03        -4.0670609999999999e-04        -3.1786699999999998e-05         2.5093979999999999e-04        -3.0407203999999999e-03
29                                    -1.1927885300000000e-02        -4.7861099999999999e-04        -5.1603174999999999e-03         2.1411918000000000e-03        -4.6455690000000001e-04         2.3587380000000000e-04         2.7913109999999999e-04         3.4448947999999998e-03
30                                     5.3234483899999997e-02        -1.5188106300000000e-02        -3.4550796000000000e-03         5.1330556999999999e-03        -2.6073930000000001e-04         2.3946460000000001e-04         4.0103038000000001e-03         7.7449620000000002e-04
31                                     9.4707027999999995e-03         1.1532027699999999e-02         4.1570892999999998e-03        -3.8295260999999998e-03         5.0554669999999997e-04         2.7512941000000001e-03        -4.9060820000000000e-03         1.0821460000000001e-04
32                                    -5.1511208699999998e-02         2.1336766300000001e-02         3.3983058000000002e-03        -4.9838977000000000e-03         3.6205337999999998e-03        -5.3282488999999997e-03        -4.5628640000000000e-04        -9.7003999999999995e-05
33                                     6.2325362000000004e-03        -9.1120544200000000e-02        -7.0705729100000003e-02        -4.9111548700000000e-02        -1.5157676599999999e-02        -2.0014713399999998e-02        -1.3116047100000000e-02        -4.0378743999999996e-03
34                                    -8.4794193000000007e-03        -7.1054955000000003e-02        -1.4996139829999999e-01        -8.2578560499999995e-02        -5.3372029000000000e-03        -6.1659573000000002e-03        -4.3109081000000000e-03        -3.0980852000000001e-03
35                                    -1.2217620900000000e-02        -4.9738172900000002e-02        -8.2894369699999998e-02        -1.0293884160000000e-01         1.8015285999999999e-03         3.1355088999999998e-03         2.6299680999999999e-03         2.6299775000000001e-03
36                                     2.9219497999999999e-03        -1.5215691500000000e-02         1.2379767000000000e-02         2.1457390000000000e-02        -9.3158947300000003e-02         4.7610082300000002e-02         7.8457865299999999e-02         5.1742367999999999e-03
37                                    -2.9501201000000001e-03        -3.1855213999999999e-03         3.5339628000000001e-03         3.2148530000000002e-03         5.0415450000000001e-02        -9.3266838300000002e-02        -8.5018415799999997e-02         7.3346677999999998e-03
38                                     3.7032526000000000e-03         5.5208345999999998e-03        -3.9146891000000003e-03        -5.2579912999999997e-03         7.9714068499999999e-02        -8.5637264899999996e-02        -1.6725078680000000e-01         7.3444892999999997e-03
39                                    -1.6611220000000001e-04        -4.9922645999999999e-03         3.5721012999999999e-03        -2.9507850000000000e-04        -2.5689029000000000e-03         4.6270339999999999e-04         4.3381445000000001e-03        -2.0249278900000001e-02
40                                     6.2805399999999993e-05        -7.4204659999999999e-04        -5.5220659999999995e-04        -5.9963080000000003e-04        -1.8744794000000000e-03        -2.5316217000000002e-03         4.1130958000000000e-03        -2.8435499999999998e-03
41                                    -1.4071293999999999e-03        -1.8092548000000000e-03         3.1421506000000000e-03        -2.8033547999999999e-03         4.1658694000000001e-03         4.6042234999999999e-03         5.2890099999999997e-05        -8.1928383999999993e-03
42                                     2.2061110000000001e-04         8.3312600000000006e-05        -5.6701700000000000e-05        -3.1343970000000001e-04        -5.7393579999999997e-04         1.3992722999999999e-03         1.3523795000000001e-03        -1.2096425500000001e-02
43                                     2.4258090000000001e-04        -9.9406999999999995e-06        -2.7900469999999998e-04         2.5830169999999997e-04        -3.6756890000000001e-04         6.6966379999999998e-04         2.4107691000000001e-03        -3.8021701000000001e-03
44                                    -5.7600199999999998e-05        -9.4403100000000004e-05        -1.0659380000000000e-04        -8.1319830000000000e-04        -1.8000853000000000e-03         7.2973150000000002e-04        -1.5844190000000001e-04         8.2668914999999999e-03
45                                    -7.6522999999999996e-06        -1.3839440000000000e-03         1.2064659000000000e-03         2.0393500000000000e-04         1.1734855000000001e-03        -1.0584999999999999e-05         2.5066849000000002e-03        -1.7301160999999999e-03
46                                    -5.5278700000000003e-05         2.4678709999999997e-04        -3.1821639999999999e-04         6.2621789999999997e-04         1.5894180000000001e-04         8.0992919999999999e-04        -6.8484239999999999e-04        -1.1702978999999999e-03
47                                    -2.5211780000000000e-04        -5.5563320000000000e-04         7.9054500000000003e-04         2.8273509999999998e-04         1.0302339000000001e-03         6.4478970000000002e-04         8.4725899999999995e-04        -2.6374219999999999e-03
48                                    -3.8974069999999999e-04         1.5744304000000001e-03        -3.0272820000000001e-04        -3.4839799999999998e-05        -8.9257680000000002e-04        -4.1343899999999998e-04        -4.9529153000000001e-03         2.8107291000000001e-03
49                                    -1.0834990000000000e-04        -1.1061771000000001e-03         1.3275091000000000e-03        -9.5986559999999995e-04         6.1663720000000003e-04        -1.2535038000000001e-03         1.9427922999999999e-03         1.3329460000000000e-03
50                                     8.2380089999999995e-04         1.9765402999999998e-03        -7.2650969999999999e-04         2.0437270000000000e-04        -1.3997103000000001e-03         1.2620973999999999e-03        -7.2036048999999996e-03         2.1085684000000000e-03
51                                     5.4423799999999999e-05         1.7781610000000000e-04        -3.0348549999999999e-04         2.3289529999999999e-04         6.7388129999999997e-04         1.6196960000000000e-04         6.2636940000000002e-04        -6.3806449999999999e-04
52                                    -7.5999800000000004e-05        -1.6648750000000000e-04         3.2064000000000003e-05         1.6701020000000000e-04         2.1371570000000000e-04         2.3645940000000001e-04         5.0811199999999999e-05        -4.5403559999999997e-04
53                                     1.2963020000000000e-04        -2.1903919999999999e-04        -3.1576770000000002e-04         9.6431980000000000e-04         4.8170890000000000e-04        -5.4544350000000001e-04         1.5112149000000000e-03        -5.1463439999999995e-04
54                                     7.9071359999999995e-04        -2.0144360000000000e-04        -3.3598099999999999e-05         2.3444629999999999e-04        -3.8122700000000000e-05        -2.3547700000000002e-05         5.0890699999999996e-04        -3.9343910000000002e-04
55                                     6.1652899999999994e-05         1.3767150000000000e-04        -6.3726950000000005e-04         3.6629039999999999e-04         2.5202349999999999e-04        -8.6912529999999999e-04         1.3024426000000000e-03        -1.1411200000000000e-05
56                                    -4.6582839999999997e-04        -3.9938299999999997e-05        -1.8162490000000000e-04         5.5342500000000001e-05         3.9357370000000000e-04        -5.7099129999999996e-04         1.1638778000000001e-03        -2.1389329999999999e-04
57                                    -2.4310810000000000e-04        -2.9617080000000001e-04         4.5883700000000003e-04        -1.0093439999999999e-04        -2.5417870000000000e-04         3.2048999999999998e-05        -2.6427900000000002e-05         5.7046499999999997e-05
58                                    -1.3389289999999999e-04        -3.5453649999999998e-04         2.7157620000000000e-04        -1.8689090000000000e-04        -8.4248300000000004e-05         2.3729870000000001e-04         4.0949290000000000e-04         2.4463870000000001e-04
59                                     3.3676929999999999e-04        -1.5720190000000000e-04         3.7583039999999999e-04        -5.4141450000000000e-04        -3.3716690000000000e-04         6.6658889999999995e-04        -5.9618850000000005e-04        -1.7843899999999999e-04
                                                        16                          17                          18                          19                          20                          21                          22                          23

0                                      2.0945894100000001e-02         4.8359614099999997e-02        -3.7722755800000000e-02         5.1723982999999996e-03         2.0332455999999999e-02         1.2688301999999999e-03        -6.6575840000000005e-04         3.3583874000000001e-03
1                                     -1.2211751749999999e-01        -9.5277861599999999e-02         8.5552632999999993e-03         5.9084803000000003e-03         7.7303568999999997e-03        -3.1495188999999999e-03        -5.2537100000000002e-05        -2.6220756000000000e-03
2                                     -8.3032527199999998e-02        -1.7935362690000001e-01         2.5266273400000001e-02         3.0552890000000001e-03        -5.6104370999999998e-03        -3.7869815000000002e-03         9.4727389999999998e-04        -3.9975208999999999e-03
3                                      3.6951391500000000e-02         5.8935791699999997e-02         7.4643983999999998e-03         4.1415415999999997e-03         4.8006066999999996e-03         2.7918460000000002e-04         1.2951706000000000e-03        -1.5659033999999999e-03
4                                      2.2519970100000002e-02         2.1615561500000002e-02         4.0446706000000004e-03         4.7711595999999998e-03         3.4835079999999999e-04        -3.2641852999999998e-03        -1.0180123000000001e-03        -1.0238395000000001e-03
5                                      5.1056004999999998e-03        -1.8515141000000001e-03         5.6115165000000002e-03        -2.6278057999999998e-03        -1.2435571000000000e-03         1.1563674999999999e-03         2.7977408999999998e-03        -1.1722087999999999e-03
6                                      3.5856666000000001e-03        -2.3964070000000001e-03        -2.0700582000000001e-03        -2.7323399000000002e-03        -5.1761989999999996e-04         2.5082769999999998e-04        -1.2612742000000000e-03         5.4123140000000001e-04
7                                     -2.8475233700000002e-02        -2.4024900100000000e-02        -4.2748504999999999e-03        -4.5855000000000001e-04         9.0940900000000002e-05        -8.4496150000000004e-04        -4.1874520000000000e-04         4.8605449999999999e-04
8                                     -2.5324239200000001e-02        -3.1425829099999997e-02         5.5842299999999999e-05        -3.5697920000000001e-04         4.0901449999999998e-04        -3.3550419999999999e-04         2.8808419999999999e-04         5.5229499999999997e-05
9                                     -5.6928489700000001e-02        -4.0027958600000003e-02         8.8656262000000007e-03        -1.9133447000000000e-03        -6.6597580000000002e-04         2.1541430000000000e-04         1.6513735000000000e-03        -1.4577811000000000e-03
10                                    -4.3769172999999998e-03         1.6667504000000000e-03        -6.7510844000000002e-03         2.4883849000000000e-03        -6.7794472999999997e-03        -1.6192418000000001e-03        -2.1855783000000002e-03         5.1742420000000001e-04
11                                     2.0842708500000001e-02         2.1990146600000000e-02        -9.0061421999999992e-03        -7.8516226000000001e-03         3.8884393000000001e-03         3.0580586000000000e-03         1.7428749000000000e-03         2.1807042000000000e-03
