*************************************************
******************* ORCA 6.1.0 ******************
*************************************************
$Calculation_Status
   &GeometryIndex 0
   &version [&Type "String"] "6.1.0"
   &progName [&Type "String"] "orca"
   &Status [&Type "String"] "NORMAL TERMINATION"
$End
$Geometry
   &GeometryIndex 1
   &NAtoms [&Type "Integer"] 20
   &NCorelessECP [&Type "Integer"] 0
   &NGhostAtoms [&Type "Integer"] 0
   &CartesianCoordinates [&Type "Coordinates", &Dim(20,4), &Units "Bohr"] 
              C     -0.265720494770   -0.384065530170    2.831973007682
              C     -2.857156569490   -0.531288692324    3.102930491421
              C     -4.419629687523   -0.198687571966    1.026151113075
              C     -3.380935543777    0.274543424725   -1.335583452757
              C     -0.793329450213    0.414597345013   -1.626216532853
              C      0.794724666064    0.074347512673    0.458000324631
              C      3.535098002801    0.225365228695    0.129842333412
              O      4.957786943686   -0.553218227413    2.091644919973
              H      0.967343348521   -0.644552433356    4.433681777961
              H     -3.665265928202   -0.898887087357    4.938525892863
              H     -6.444234190407   -0.302641095391    1.244915296255
              H     -4.599643903205    0.537661907403   -2.949076851584
              H      0.018966229994    0.799750242809   -3.456648274581
              H      3.908369926416    2.747526598858   -0.058216406761
              H      4.210231113759   -0.258573846654   -1.754136761157
              H      6.720474349907   -0.780713067947    1.639906880436
              O      4.348799707930    4.727218791303   -0.224972760877
              O      5.211920086751    8.074929234190   -1.117907996816
              H      4.053590209836    5.434172328030    1.430948700343
              H      5.364889373109    7.813249098690   -2.904635551872
$End
$Single_Point_Data
   &GeometryIndex 1
   &FinalEnergy [&Type "Double"]      -3.2138405828800003e+01  "Final single point energy"
   &Converged [&Type "Boolean"] true
$End
$Hessian
   &GeometryIndex 1
   &HESSIAN [&Type "ArrayOfDoubles", &Dim (60,60)] "The Hessian"
                                                         0                           1                           2                           3                           4                           5                           6                           7

0                                      6.7579683339999996e-01         1.5586401999999999e-02         2.2467190599999999e-02        -3.3584233029999999e-01        -2.2910686999999999e-02         6.5215412900000005e-02        -4.9624462500000001e-02         1.2138565200000000e-02
1                                      1.5586401999999999e-02         1.3313216880000001e-01        -9.2979264600000000e-02        -9.9943207999999995e-03        -4.8606680600000000e-02         1.1129575399999999e-02         1.5713559000000001e-03         3.1710696000000001e-03
2                                      2.2467190599999999e-02        -9.2979264600000000e-02         6.2511518450000003e-01        -1.1486468200000001e-02         8.8331943999999992e-03        -9.5869420299999994e-02        -1.6449995900000000e-02        -7.0194530999999998e-03
3                                     -3.3584233029999999e-01        -9.9943207999999995e-03        -1.1486468200000001e-02         6.5388061620000004e-01         2.1063002700000000e-02        -1.0810528400000000e-02        -1.7541765660000000e-01         8.6267212999999992e-03
4                                     -2.2910686999999999e-02        -4.8606680600000000e-02         8.8331943999999992e-03         2.1063002700000000e-02         1.3485602850000000e-01        -9.9858983299999995e-02         2.3407846699999998e-02        -5.3899382500000002e-02
5                                      6.5215412900000005e-02         1.1129575399999999e-02        -9.5869420299999994e-02        -1.0810528400000000e-02        -9.9858983299999995e-02         6.5076225420000000e-01        -1.4836778349999999e-01         3.0652740400000000e-02
6                                     -4.9624462500000001e-02         1.5713559000000001e-03        -1.6449995900000000e-02        -1.7541765660000000e-01         2.3407846699999998e-02        -1.4836778349999999e-01         6.7335284719999999e-01         1.7724213900000001e-02
7                                      1.2138565200000000e-02         3.1710696000000001e-03        -7.0194530999999998e-03         8.6267212999999992e-03        -5.3899382500000002e-02         3.0652740400000000e-02         1.7724213900000001e-02         1.3543472279999999e-01
8                                     -7.4771518999999995e-02        -8.5851946000000002e-03         3.5411124299999999e-02        -6.9617842200000002e-02         3.3524536799999997e-02        -2.4071624610000000e-01         1.1323942000000000e-03        -9.3787598900000005e-02
9                                     -3.8799933299999999e-02        -6.5115601000000000e-03         2.8825715799999999e-02         5.7812862399999998e-02        -5.2253569999999999e-04         1.3882777900000001e-02        -1.2945784310000000e-01        -1.0032138400000000e-02
10                                    -6.8118433999999999e-03        -6.2176832000000000e-03         3.3681902000000001e-03         9.6154395999999993e-03        -3.7629429999999999e-04         1.2172091100000001e-02        -2.4667531400000001e-02        -5.7733511500000001e-02
11                                     3.0634035899999999e-02         3.5102280999999998e-03        -1.7373496600000000e-02        -4.1528876499999999e-02         1.0373331200000000e-02        -6.2321146500000001e-02         1.1905643530000000e-01         4.6759622000000001e-02
12                                     4.9706479700000000e-02         8.0891582000000000e-03        -3.2915819300000003e-02        -5.1404033199999997e-02         2.5968266999999998e-03        -2.3478997700000000e-02        -2.4045505299999999e-02        -1.7365599799999999e-02
13                                    -3.6250490000000002e-04         3.8114100000000002e-05         9.0325102999999993e-03         2.8370044999999999e-03        -5.1785375999999998e-03        -6.4818560000000000e-04        -6.4688187000000001e-03         1.0423317000000001e-03
14                                     9.3854739999999996e-03         1.1625376300000000e-02        -5.5522060700000000e-02        -2.1784802900000001e-02        -7.9602440000000002e-04        -5.9800705999999999e-03         3.0425306999999999e-02        -9.1676550000000000e-04
15                                    -1.1087774189999999e-01        -2.0748500000000000e-02         9.1537840600000003e-02        -2.8979251800000001e-02        -5.9510663999999998e-03         2.6864137400000002e-02         7.0646110999999998e-03         1.9317117000000000e-03
16                                    -1.0714773400000000e-02        -5.8751109900000001e-02         4.1588751000000000e-02        -1.5199170099999999e-02         5.3681810000000003e-04        -1.8070650000000000e-04         1.8921531000000000e-03        -8.4839483000000004e-03
17                                     4.0110700600000000e-02         4.0239479000000002e-02        -2.6722329400000000e-01         8.2035304300000000e-02         1.2136390000000001e-04         1.3716872400000000e-02        -7.8455950000000003e-03         9.2126893999999997e-03
18                                    -3.2108152399999999e-02        -3.4969087000000002e-03         2.6830112100000001e-02         6.0476673999999998e-03        -1.1143157000000001e-03         5.5650570000000000e-03        -4.0299478000000001e-03        -2.3153420000000000e-04
19                                    -9.1105438000000007e-03        -4.7365269999999999e-04         8.2962998999999999e-03         2.7483274999999998e-03         6.0931741999999999e-03         3.4426591999999999e-03        -1.5297049000000001e-03        -3.5844959999999998e-04
20                                     2.8858168500000000e-02         2.5054652999999998e-03        -6.1066593000000001e-03         2.0543227000000002e-03         2.7810496000000001e-03        -4.5321305999999999e-03        -2.3223590000000000e-04         1.4394230000000001e-04
21                                     1.8684620000000000e-03         4.5280960000000002e-04        -3.5590650000000001e-03        -3.9438399999999998e-05         8.7286600000000006e-05        -1.6075421000000000e-03         9.0865070000000002e-04         6.2907899999999994e-05
22                                    -4.9244760000000001e-04         2.4793000000000001e-05        -2.4743999999999998e-04        -3.1952799999999997e-05        -3.3272279999999998e-04         2.4294030000000000e-04        -3.7572600000000000e-05        -4.6942500000000000e-05
23                                     3.4958875999999998e-03        -1.9859890000000001e-04        -1.1516992000000000e-03        -5.3916589999999996e-04        -1.3722060000000001e-04        -5.0338300000000004e-04         4.8229579999999999e-04         3.9385999999999999e-06
24                                    -1.3804290810000000e-01         1.9894525000000000e-02        -1.2528664660000000e-01        -1.9901907300000000e-02         3.4816750000000000e-03        -2.2968282499999999e-02        -5.6623209999999997e-03        -6.3851689999999998e-04
25                                     1.9796075199999999e-02        -3.8966610700000001e-02         2.8616946800000001e-02        -7.6608310000000001e-04         1.5555568999999999e-03        -1.0591629000000001e-03        -6.7724889999999996e-04         7.9670747999999996e-03
26                                    -1.2497431400000000e-01         2.8107658500000000e-02        -2.0610626660000000e-01         2.1722300000000000e-05         7.2712600000000006e-05         1.5467376000000001e-03         5.0717139999999997e-04         1.2920071000000000e-03
27                                    -1.4412187999999999e-02        -5.5117758000000003e-03         2.6982562900000000e-02        -8.4163845900000006e-02        -1.8699754300000000e-02         9.2544858199999996e-02         6.2780348000000003e-03         2.9481911000000002e-03
28                                    -1.2630326000000001e-03         2.5591980000000002e-04         1.9602585000000000e-03        -1.8599515200000000e-02        -4.3682597300000001e-02         4.3637441499999999e-02        -1.4643655000000000e-03         1.5641730000000000e-04
29                                     3.9041885000000000e-03         1.1859374999999999e-03        -4.8605740999999999e-03         9.2719801300000002e-02         4.3641679300000000e-02        -2.5362940940000001e-01         8.4698576999999997e-03         5.0751034000000002e-03
30                                    -1.5824534999999999e-03         3.8620400000000002e-04        -3.7165717999999999e-03        -2.0854688699999999e-02        -7.7675420000000001e-04         3.6563310000000001e-04        -2.9974500440000001e-01        -1.3337239600000000e-02
31                                     2.4655990000000002e-04         7.3875445000000000e-03         1.8788682000000000e-03         3.5457684000000001e-03         1.5762547000000000e-03         1.4468699999999999e-05        -1.3336935800000000e-02        -3.5691451499999999e-02
32                                    -3.3770032000000000e-03         1.8746177999999999e-03        -3.0169186000000001e-03        -2.3075055399999999e-02        -7.5293729999999996e-04         1.7167676000000001e-03         2.7621944300000000e-02         2.9783501999999999e-03
33                                    -1.8825000000000000e-05        -1.1986360000000000e-04         6.0711000000000001e-04         1.8442200000000000e-04        -6.2666260000000004e-04         2.2583641000000002e-03         6.1124101000000000e-03        -1.2712363999999999e-03
34                                    -1.5101930000000001e-04        -2.5902379999999999e-04         5.0261000000000000e-06        -7.7441200000000004e-04         7.2642176000000001e-03         2.3551172000000000e-03         3.0941877999999998e-03         1.9062239999999999e-04
35                                     7.3889470000000005e-04        -9.5862900000000007e-05         3.4564030000000003e-04         2.7646341999999998e-03         2.3452301999999999e-03        -4.4441207999999996e-03        -1.5826301899999999e-02         4.2822425999999997e-03
36                                    -1.5517809000000001e-03         2.7933230000000002e-04        -3.0004379000000002e-03        -2.7300829999999998e-04         7.4644899999999994e-05        -4.1758350000000002e-04        -5.8423594000000002e-03        -5.6024790000000003e-04
37                                     3.8689399999999999e-04         6.5979382000000003e-03         1.6503999000000000e-03         4.3411999999999997e-05        -2.9286839999999998e-04        -1.4063779999999999e-04        -6.2087500000000001e-04         8.1057336999999993e-03
38                                    -3.6639667000000001e-03         1.7669287999999999e-03        -3.1388925000000001e-03        -3.6891350000000002e-04        -1.6923240000000001e-04         6.3609509999999997e-04         9.8866769999999995e-04         1.3930581000000000e-03
39                                     2.0708150000000000e-04        -5.2489050000000003e-04        -1.0456899999999999e-03        -8.4985129999999999e-04         4.8481920000000001e-04        -6.2811200000000006e-05         8.9214200000000004e-05        -3.0680140000000002e-04
40                                     3.8554317000000001e-03        -2.7070289999999998e-04        -5.8985273999999999e-03        -2.7928152999999998e-03         6.7347540000000001e-04        -9.9085649999999998e-04         1.0601123999999999e-03         4.7135100000000002e-05
41                                     7.5263499999999995e-05        -5.7058000000000002e-05         2.0359029999999999e-04        -1.0054899999999999e-05         1.5198600000000000e-04        -1.7114250000000000e-04        -5.4550299999999998e-05        -5.3725900000000000e-05
42                                    -4.9103501000000004e-03         8.0920470000000002e-04        -2.0018820000000000e-04        -5.8142190000000002e-04        -9.9197419999999992e-04         1.0340721000000001e-03         2.8069830000000001e-04         4.7908299999999997e-05
43                                     6.1342619999999999e-04         2.2731213000000000e-03        -9.2307629999999999e-04        -9.3594589999999997e-04        -1.4759830000000000e-04        -4.6994280000000000e-04         2.6845269999999999e-04         3.4968100000000002e-05
44                                     1.2698878000000000e-03        -1.9475030000000001e-04        -4.1268800000000000e-05        -1.5639870000000000e-04         2.4684540000000001e-04        -3.2195200000000002e-04        -7.3958499999999993e-05        -3.5809999999999998e-05
45                                     2.6621890000000001e-04        -8.3277100000000003e-05         5.0645880000000005e-04         3.6139080000000001e-04        -1.9991300000000000e-05         7.5770400000000002e-05        -2.2545989999999999e-04         1.0363170000000001e-04
46                                     4.5499500000000000e-05        -1.1165650000000000e-04        -3.4436619999999999e-04        -1.4199210000000000e-04        -1.3022469999999999e-04        -1.9435840000000000e-04         4.7376100000000002e-05         2.7702999999999999e-05
47                                     1.7388610000000000e-04         5.1023899999999998e-05        -4.5595890000000000e-04         1.4474000000000001e-05        -8.3703700000000003e-05         8.2484900000000000e-05         1.2649819999999999e-04         1.9193699999999999e-05
48                                    -8.2255380000000001e-04        -1.0115989999999999e-04         1.4068488000000001e-03         6.9064289999999997e-04         1.3627180000000001e-04         4.4453759999999999e-04        -2.9391489999999997e-04         2.0751189999999999e-04
49                                    -3.0004945000000000e-03         2.7503800000000002e-04         7.8806030999999995e-03         3.1206447999999999e-03        -1.0575317000000000e-03         1.8688127000000001e-03        -1.2634073999999999e-03         8.4371500000000004e-05
50                                     1.5016325999999999e-03         8.7401500000000007e-05        -2.4696685000000001e-03        -1.1074323000000001e-03         5.0669500000000000e-05        -8.0034840000000002e-04         5.1621169999999995e-04        -6.8598399999999997e-05
51                                     5.8082230000000004e-04         3.7401499999999998e-05        -1.5390696000000001e-03        -5.1811559999999997e-04         2.4034260000000001e-04        -5.2998100000000001e-04         3.3139850000000001e-04        -3.1213800000000003e-05
52                                     2.0166837999999999e-03        -6.0669000000000003e-06        -5.7308181999999996e-03        -2.3656434999999999e-03         1.1746091999999999e-03        -2.0991146999999998e-03         1.0139270000000000e-03        -1.0401380000000000e-04
53                                    -7.2464470000000000e-04        -6.3422000000000000e-06         1.8432933000000001e-03         7.8776580000000001e-04        -3.3641250000000003e-04         6.4781219999999996e-04        -3.2392150000000003e-04         3.1642400000000000e-05
54                                     1.2901110000000001e-04         1.3867000000000000e-06         4.9162700000000003e-05        -1.1123280000000000e-04         2.6162900000000000e-05        -3.6422999999999998e-06        -5.7922600000000000e-05        -1.3239200000000000e-05
55                                     5.3818400000000000e-05         5.0943959999999997e-04         1.9562460000000000e-04         3.8951800000000002e-05        -2.8970700000000000e-05         1.7443250000000001e-04        -5.5676400000000001e-05         5.2908799999999997e-05
56                                    -2.5450670000000001e-04         3.3892000000000000e-05         5.6530489999999996e-04         1.2020510000000000e-04        -6.9930899999999998e-05         2.3090070000000000e-04        -1.2564360000000000e-04         3.5785399999999998e-05
57                                     3.8770999999999999e-05        -1.5523400000000001e-05        -1.3049700000000000e-05        -4.0819599999999998e-05         1.4862200000000000e-05        -3.4686000000000001e-06        -1.5467500000000001e-05        -3.5953999999999999e-06
58                                     7.7990400000000005e-05        -1.9599000000000001e-06        -1.6372709999999999e-04        -3.7421700000000001e-05         3.2743999999999999e-06        -4.8330300000000000e-05         4.2511000000000000e-05         2.6411000000000000e-06
59                                    -6.4669000000000000e-05        -5.1269999999999998e-07        -1.4795929999999999e-04        -3.2690700000000002e-05         6.1846299999999998e-05        -5.0554499999999999e-05        -2.6797200000000002e-05         1.6361000000000001e-06
                                                         8                           9                          10                          11                          12                          13                          14                          15

0                                     -7.4771518999999995e-02        -3.8799933299999999e-02        -6.8118433999999999e-03         3.0634035899999999e-02         4.9706479700000000e-02        -3.6250490000000002e-04         9.3854739999999996e-03        -1.1087774189999999e-01
1                                     -8.5851946000000002e-03        -6.5115601000000000e-03        -6.2176832000000000e-03         3.5102280999999998e-03         8.0891582000000000e-03         3.8114100000000002e-05         1.1625376300000000e-02        -2.0748500000000000e-02
2                                      3.5411124299999999e-02         2.8825715799999999e-02         3.3681902000000001e-03        -1.7373496600000000e-02        -3.2915819300000003e-02         9.0325102999999993e-03        -5.5522060700000000e-02         9.1537840600000003e-02
3                                     -6.9617842200000002e-02         5.7812862399999998e-02         9.6154395999999993e-03        -4.1528876499999999e-02        -5.1404033199999997e-02         2.8370044999999999e-03        -2.1784802900000001e-02        -2.8979251800000001e-02
4                                      3.3524536799999997e-02        -5.2253569999999999e-04        -3.7629429999999999e-04         1.0373331200000000e-02         2.5968266999999998e-03        -5.1785375999999998e-03        -7.9602440000000002e-04        -5.9510663999999998e-03
5                                     -2.4071624610000000e-01         1.3882777900000001e-02         1.2172091100000001e-02        -6.2321146500000001e-02        -2.3478997700000000e-02        -6.4818560000000000e-04        -5.9800705999999999e-03         2.6864137400000002e-02
6                                      1.1323942000000000e-03        -1.2945784310000000e-01        -2.4667531400000001e-02         1.1905643530000000e-01        -2.4045505299999999e-02        -6.4688187000000001e-03         3.0425306999999999e-02         7.0646110999999998e-03
7                                     -9.3787598900000005e-02        -1.0032138400000000e-02        -5.7733511500000001e-02         4.6759622000000001e-02        -1.7365599799999999e-02         1.0423317000000001e-03        -9.1676550000000000e-04         1.9317117000000000e-03
8                                      6.2423439459999996e-01         4.0260502099999998e-02         4.4300697600000001e-02        -2.7949240170000000e-01         8.8644900400000004e-02         2.4863709999999999e-04         1.1871464500000000e-02        -8.3387257000000006e-03
9                                      4.0260502099999998e-02         6.6364063220000002e-01         1.4034106800000000e-02         2.0058213500000002e-02        -3.3902873610000001e-01        -2.2835419700000002e-02         6.2735161600000006e-02        -5.2375818700000000e-02
10                                     4.4300697600000001e-02         1.4034106800000000e-02         1.3451398530000000e-01        -9.7522940299999999e-02        -7.2619772999999999e-03        -4.8948767700000000e-02         1.1669471100000000e-02         2.5214429999999998e-04
11                                    -2.7949240170000000e-01         2.0058213500000002e-02        -9.7522940299999999e-02         6.4163541160000004e-01        -1.3352880500000001e-02         9.5100215999999998e-03        -9.5917938600000002e-02        -1.1363521900000000e-02
12                                     8.8644900400000004e-02        -3.3902873610000001e-01        -7.2619772999999999e-03        -1.3352880500000001e-02         6.6593887669999996e-01         2.3336590300000001e-02        -1.7826161800000000e-02        -1.4892624180000000e-01
13                                     2.4863709999999999e-04        -2.2835419700000002e-02        -4.8948767700000000e-02         9.5100215999999998e-03         2.3336590300000001e-02         1.3576984160000000e-01        -9.9094234200000006e-02         2.0190909500000000e-02
14                                     1.1871464500000000e-02         6.2735161600000006e-02         1.1669471100000000e-02        -9.5917938600000002e-02        -1.7826161800000000e-02        -9.9094234200000006e-02         6.3138070059999996e-01        -1.2295646709999999e-01
15                                    -8.3387257000000006e-03        -5.2375818700000000e-02         2.5214429999999998e-04        -1.1363521900000000e-02        -1.4892624180000000e-01         2.0190909500000000e-02        -1.2295646709999999e-01         5.9549199639999995e-01
16                                     8.7803143999999993e-03         1.0733485600000000e-02         2.7741187000000001e-03        -7.1276691000000001e-03         9.7801543999999994e-03        -5.5171561899999999e-02         2.9529204399999998e-02         1.0530662000000000e-02
17                                    -5.8033103799999999e-02        -6.6130520299999995e-02        -8.4509597999999995e-03         3.3644840500000002e-02        -7.3036679199999996e-02         3.1410933400000000e-02        -2.2931119659999999e-01         1.1952071800000000e-02
18                                     9.4481389999999995e-04         5.5506163000000001e-03         1.9801843000000000e-03        -7.9005563999999997e-03        -4.0883098700000002e-02         1.6717538000000001e-03        -1.8150021100000000e-02        -2.0196481610000000e-01
19                                     6.6898870000000005e-04         3.6109173000000000e-03         6.3248719999999996e-03        -7.4298379999999996e-04        -2.3099866000000002e-03         7.0387399999999995e-04        -6.4569184999999996e-03         1.8349268500000002e-02
20                                    -1.2491269000000000e-03        -3.7343826999999999e-03         1.9049850000000001e-03        -2.8335636000000001e-03        -2.2711359099999998e-02        -1.2730024000000000e-03         3.3640040000000002e-04         2.6204792899999999e-02
21                                    -8.4523000000000004e-05        -1.6777039999999999e-03        -5.9496140000000000e-04        -5.0318770000000001e-04        -5.1473698000000000e-03        -1.5651999999999999e-05         3.5291726999999999e-03        -3.7137938000000002e-02
22                                    -2.5330079999999998e-04        -1.8046110000000001e-04         6.3765199999999997e-05         4.8748500000000003e-05         4.5313439999999998e-04         1.8259324999999999e-03         2.0091799999999999e-04         2.8960801000000001e-03
23                                     1.1225360000000000e-04        -7.7973530000000004e-04        -4.3000210000000000e-04         1.0187589999999999e-03         1.6823399000000000e-03         5.4900239999999996e-04         1.7298337000000001e-03        -1.4343581700000000e-02
24                                     8.5468510000000003e-04        -1.2366450000000001e-04        -9.6334499999999997e-05         6.2656660000000005e-04        -2.5502540000000001e-04        -5.9924090000000000e-04         2.3144235000000001e-03         6.6710275999999997e-03
25                                     1.3884990000000001e-03        -5.5784100000000000e-05        -2.6827380000000003e-04        -1.3565940000000000e-04        -7.0262799999999995e-04         6.5406034000000000e-03         2.2149140000000001e-03         3.3431365000000002e-03
26                                     1.3010197000000001e-03         4.9426410000000004e-04        -1.1929060000000001e-04         4.0130979999999998e-04         2.8423248000000001e-03         2.1202978000000000e-03        -4.2680074999999996e-03        -1.5149081300000001e-02
27                                    -1.4958004500000000e-02        -1.2346124000000001e-03         3.1903010000000002e-04        -3.1716120999999999e-03        -3.0506160000000001e-04         8.8860699999999994e-05        -5.1002359999999995e-04        -5.8733828000000002e-03
28                                     4.2313832000000001e-03         3.4858140000000002e-04         7.4988273000000001e-03         1.8546926000000000e-03         3.8323299999999999e-05        -1.5754979999999999e-04        -2.9437350000000002e-04        -5.5710549999999997e-04
29                                    -2.4855437800000001e-02        -3.6809501000000001e-03         1.9016580999999999e-03        -3.1467655999999999e-03        -6.0010610000000002e-04        -1.6072710000000000e-04         6.0238670000000002e-04         1.0593856999999999e-03
30                                     2.7661182499999999e-02        -1.4507555300000001e-02        -1.1007880999999999e-03         3.1941223999999999e-03        -6.1890799999999994e-05        -7.8991830000000002e-04         2.8136682000000001e-03         7.8690439999999997e-04
31                                     2.9832592999999999e-03        -5.4003356999999998e-03         1.0709300999999999e-03         1.1334322000000000e-03        -7.6290430000000001e-04         7.2439267999999998e-03         2.2677663000000002e-03         1.6813230000000000e-04
32                                    -4.6161873499999999e-02         2.6634501200000001e-02         1.8374988000000000e-03        -4.1004003000000002e-03         2.4938053000000001e-03         2.3509353999999999e-03        -4.3674537999999997e-03        -1.3083570000000001e-04
33                                     7.6162603999999998e-03        -1.3609088959999999e-01         1.9828765000000002e-02        -1.2258692320000000e-01        -2.1155896800000001e-02         3.7375700000000000e-03        -2.3861155799999999e-02        -5.8421130999999999e-03
34                                     5.0402410000000000e-03         1.9923703300000001e-02        -3.9505309900000000e-02         2.8081582800000001e-02        -5.6489620000000002e-04         7.6547530000000005e-04        -8.4184839999999999e-04        -5.3772390000000002e-04
35                                    -2.4604597700000001e-02        -1.2291743680000000e-01         2.8053513299999999e-02        -2.0568065660000001e-01        -4.1184980000000000e-04        -1.1481450000000000e-04         1.0738391999999999e-03         4.6250259999999999e-04
36                                     4.4129329999999999e-04        -1.3801956000000001e-02        -5.7906881999999996e-03         2.7157643499999998e-02        -8.3344673999999994e-02        -1.9290273800000000e-02         9.1176478699999994e-02         6.0181093999999999e-03
37                                     1.3507317000000000e-03        -9.2497759999999999e-04         9.4911400000000003e-04         2.0054756999999999e-03        -1.9684086699999999e-02        -4.3428978999999999e-02         4.6277310799999999e-02        -1.4521274000000000e-03
38                                     1.4084754000000001e-03         3.6928489999999998e-03         1.3012703000000001e-03        -4.8401034000000002e-03         9.2302658300000007e-02         4.6009234099999997e-02        -2.5265753819999998e-01         7.9474209999999997e-03
39                                     2.6182110000000001e-04        -2.0756769999999999e-04         1.3982019999999999e-04         1.0917770000000000e-04        -4.7991290000000002e-04        -6.4126959999999996e-04         7.4206900000000004e-04        -1.2195456100000000e-02
40                                    -7.8881700000000001e-05        -2.1626340000000001e-03         4.3078689999999999e-04         1.6504317000000000e-03         3.9696842999999999e-03        -1.3571949000000000e-03         4.6772660000000002e-03        -2.9407654500000002e-02
41                                     2.8998940000000002e-04         6.2866039999999999e-04        -3.6659870000000001e-04        -3.1191809999999998e-04        -1.0434108999999999e-03         1.8327919999999999e-04         9.0426400000000006e-05         3.9908291000000000e-03
42                                     9.4933500000000002e-05         3.2351599999999998e-04        -1.8903600000000001e-04        -1.6366210000000000e-04         4.3012969999999998e-04        -6.9695789999999998e-04         2.0513937000000001e-03        -1.2705445500000001e-02
43                                     1.4834940000000001e-04        -4.6815710000000000e-04        -3.5031960000000002e-04         3.9505900000000001e-04         8.7788600000000003e-04        -5.9594509999999999e-04         9.9871789999999997e-04        -7.4730698000000000e-03
44                                     2.9049909999999998e-04         2.9114600000000001e-05         4.1478720000000003e-04        -2.3582139999999999e-04        -1.4578133000000000e-03        -1.4077820000000000e-04         1.1817794999999999e-03         5.4330219000000004e-03
45                                    -2.3333920000000001e-04        -2.6198399999999999e-04        -1.9232399999999999e-05        -4.2791960000000001e-04        -8.3269819999999995e-04         2.2078789999999999e-04        -2.7491900000000000e-05        -3.3752750000000002e-04
46                                     2.0951700000000001e-05        -8.5335999999999997e-05        -3.4241330000000001e-04         2.0167049999999999e-04         5.6793320000000003e-04         4.3831179999999999e-04         3.1479520000000000e-04        -1.6410850000000000e-03
47                                     3.8032799999999999e-05         7.2431500000000006e-05        -7.1329100000000001e-05        -3.2736640000000002e-04        -1.2578888000000000e-03         6.0520399999999997e-05        -2.5558299999999999e-05        -1.6940395000000000e-03
48                                     7.4151499999999996e-05         6.2897219999999995e-04         2.1688799999999999e-04        -4.5506399999999998e-04        -8.6559210000000002e-04         3.0511200000000000e-05        -1.4371023000000001e-03         4.6446270000000001e-03
49                                    -3.2593679999999998e-04         1.3792734000000000e-03        -4.3961199999999998e-04        -2.2658964000000000e-03        -3.0131140999999999e-03         1.6551458000000001e-03        -6.2302900000000003e-03         2.1908983800000000e-02
50                                     2.3892339999999999e-04        -4.7094710000000002e-04         1.9238330000000001e-04         7.2003080000000003e-04         9.1837489999999999e-04        -6.3659079999999998e-04         1.9867714000000002e-03        -6.2955766999999996e-03
51                                     3.2610700000000003e-05        -2.4880340000000000e-04         8.7378000000000003e-05         6.5022129999999997e-04         7.0689359999999998e-04        -3.7080270000000001e-04         1.3088498000000000e-03        -2.9650891999999998e-03
52                                     2.8135250000000002e-04        -9.4352550000000002e-04         5.2322890000000002e-04         2.3814524000000002e-03         1.9160771000000000e-03        -1.3260556000000000e-03         5.0645676999999997e-03        -1.1676026200000000e-02
53                                    -4.1995900000000002e-05         2.7089040000000000e-04        -1.4658109999999999e-04        -6.6531659999999999e-04        -6.3113739999999996e-04         3.5539369999999999e-04        -1.4877988000000001e-03         3.7174500000000002e-03
54                                    -1.4038200000000001e-05        -1.0832840000000000e-04         2.6186100000000000e-05        -1.7691400000000001e-05        -3.3557499999999998e-05        -7.2489200000000004e-05         1.2438600000000000e-05        -4.0590359999999998e-04
55                                     8.5943400000000001e-05         1.0071770000000000e-04         2.9410299999999999e-05        -1.1874070000000000e-04        -2.8152200000000001e-05         1.0778319999999999e-04        -3.3573449999999998e-04         2.6201929999999999e-04
56                                    -4.6701400000000000e-05         9.1353600000000006e-05        -2.2537900000000000e-05        -2.3745179999999999e-04        -1.2965800000000000e-04         2.7780960000000000e-04        -7.7066950000000004e-04         1.0834486999999999e-03
57                                    -1.5568000000000001e-06        -3.1202599999999998e-05         3.2450300000000003e-05        -1.4520900000000000e-05        -1.3085600000000001e-05         2.9359900000000000e-05         5.8789599999999997e-05        -9.0549699999999998e-05
58                                    -2.2973199999999999e-05        -7.9202999999999994e-06         3.1464999999999999e-06         8.1413999999999997e-06         6.7577199999999994e-05         3.3251499999999998e-05         1.2588120000000001e-04        -3.8868930000000000e-04
59                                     5.3081000000000001e-06         3.7536700000000003e-05         1.3693799999999999e-05         6.3995600000000001e-05        -3.0641800000000002e-05        -4.0241999999999999e-05         5.4690200000000000e-05         1.8927999999999999e-05
                                                        16                          17                          18                          19                          20                          21                          22                          23

0                                     -1.0714773400000000e-02         4.0110700600000000e-02        -3.2108152399999999e-02        -9.1105438000000007e-03         2.8858168500000000e-02         1.8684620000000000e-03        -4.9244760000000001e-04         3.4958875999999998e-03
1                                     -5.8751109900000001e-02         4.0239479000000002e-02        -3.4969087000000002e-03        -4.7365269999999999e-04         2.5054652999999998e-03         4.5280960000000002e-04         2.4793000000000001e-05        -1.9859890000000001e-04
2                                      4.1588751000000000e-02        -2.6722329400000000e-01         2.6830112100000001e-02         8.2962998999999999e-03        -6.1066593000000001e-03        -3.5590650000000001e-03        -2.4743999999999998e-04        -1.1516992000000000e-03
3                                     -1.5199170099999999e-02         8.2035304300000000e-02         6.0476673999999998e-03         2.7483274999999998e-03         2.0543227000000002e-03        -3.9438399999999998e-05        -3.1952799999999997e-05        -5.3916589999999996e-04
4                                      5.3681810000000003e-04         1.2136390000000001e-04        -1.1143157000000001e-03         6.0931741999999999e-03         2.7810496000000001e-03         8.7286600000000006e-05        -3.3272279999999998e-04        -1.3722060000000001e-04
5                                     -1.8070650000000000e-04         1.3716872400000000e-02         5.5650570000000000e-03         3.4426591999999999e-03        -4.5321305999999999e-03        -1.6075421000000000e-03         2.4294030000000000e-04        -5.0338300000000004e-04
6                                      1.8921531000000000e-03        -7.8455950000000003e-03        -4.0299478000000001e-03        -1.5297049000000001e-03        -2.3223590000000000e-04         9.0865070000000002e-04        -3.7572600000000000e-05         4.8229579999999999e-04
7                                     -8.4839483000000004e-03         9.2126893999999997e-03        -2.3153420000000000e-04        -3.5844959999999998e-04         1.4394230000000001e-04         6.2907899999999994e-05        -4.6942500000000000e-05         3.9385999999999999e-06
8                                      8.7803143999999993e-03        -5.8033103799999999e-02         9.4481389999999995e-04         6.6898870000000005e-04        -1.2491269000000000e-03        -8.4523000000000004e-05        -2.5330079999999998e-04         1.1225360000000000e-04
9                                      1.0733485600000000e-02        -6.6130520299999995e-02         5.5506163000000001e-03         3.6109173000000000e-03        -3.7343826999999999e-03        -1.6777039999999999e-03        -1.8046110000000001e-04        -7.7973530000000004e-04
10                                     2.7741187000000001e-03        -8.4509597999999995e-03         1.9801843000000000e-03         6.3248719999999996e-03         1.9049850000000001e-03        -5.9496140000000000e-04         6.3765199999999997e-05        -4.3000210000000000e-04
11                                    -7.1276691000000001e-03         3.3644840500000002e-02        -7.9005563999999997e-03        -7.4298379999999996e-04        -2.8335636000000001e-03        -5.0318770000000001e-04         4.8748500000000003e-05         1.0187589999999999e-03
